0 2 2 910 132 3 0 
0 4 5 243 139 4 0 
0 5 6 1640 209 5 0 
0 3 3 1100 282 6 0 
0 3 3 694 310 7 0 
0 1 2 1102 362 8 0 
0 3 3 1311 451 9 0 
0 5 4 241 482 10 0 
0 4 2 817 603 11 0 
1 2 2 910 132 3 0 
1 4 5 243 139 4 0 
1 4 6 1639 209 5 0 
1 3 3 1100 282 6 0 
1 3 3 694 310 7 0 
1 2 2 1102 362 8 0 
1 3 3 1311 451 9 0 
1 5 4 241 482 10 0 
1 4 2 817 603 11 0 
2 2 2 910 132 3 0 
2 4 5 243 139 4 0 
2 4 6 1639 209 5 0 
2 3 3 1100 282 6 0 
2 3 3 694 310 7 0 
2 2 2 1102 362 8 0 
2 3 3 1311 451 9 0 
2 5 4 241 482 10 0 
2 4 3 817 604 11 0 
3 2 2 910 132 3 0 
3 4 5 243 139 4 0 
3 4 6 1639 209 5 0 
3 3 3 1100 282 6 0 
3 3 3 694 310 7 0 
3 2 2 1102 362 8 0 
3 3 3 1311 451 9 0 
3 5 4 241 482 10 0 
3 4 3 817 604 11 0 
4 24 15 646 833 1 0 
4 23 18 562 862 2 0 
4 2 2 910 132 3 0 
4 4 5 243 139 4 0 
4 4 6 1639 209 5 0 
4 3 3 1100 282 6 0 
4 4 3 694 310 7 0 
4 2 2 1102 362 8 0 
4 3 3 1311 451 9 0 
4 5 4 241 482 10 0 
4 4 2 817 603 11 0 
5 23 16 645 833 1 0 
5 23 16 562 862 2 0 
5 2 2 910 132 3 0 
5 4 5 243 139 4 0 
5 4 6 1639 209 5 0 
5 3 3 1100 282 6 0 
5 3 3 694 310 7 0 
5 2 2 1102 362 8 0 
5 3 3 1311 451 9 0 
5 5 4 241 482 10 0 
5 4 2 817 603 11 0 
6 24 16 646 833 1 0 
6 23 14 562 861 2 0 
6 2 2 910 132 3 0 
6 4 5 243 139 4 0 
6 4 6 1639 209 5 0 
6 3 3 1100 282 6 0 
6 3 3 694 310 7 0 
6 2 2 1102 362 8 0 
6 3 3 1311 451 9 0 
6 5 4 241 482 10 0 
6 4 2 817 603 11 0 
7 25 16 645 833 1 0 
7 23 16 562 863 2 0 
7 2 2 910 132 3 0 
7 4 5 243 139 4 0 
7 4 6 1639 209 5 0 
7 3 3 1100 282 6 0 
7 3 3 694 310 7 0 
7 2 2 1102 362 8 0 
7 3 3 1311 451 9 0 
7 5 4 241 482 10 0 
7 4 2 817 603 11 0 
8 24 16 646 833 1 0 
8 23 20 562 864 2 0 
8 2 2 910 132 3 0 
8 4 5 243 139 4 0 
8 4 6 1639 209 5 0 
8 3 3 1100 282 6 0 
8 3 3 694 310 7 0 
8 2 2 1102 362 8 0 
8 3 3 1311 451 9 0 
8 5 4 241 482 10 0 
8 4 2 817 603 11 0 
8 2 2 820 27 14 0 
8 2 2 720 253 15 0 
9 25 16 645 833 1 0 
9 23 17 562 861 2 0 
9 2 2 910 132 3 0 
9 4 5 243 139 4 0 
9 4 6 1639 209 5 0 
9 3 3 1100 282 6 0 
9 3 3 694 310 7 0 
9 2 2 1102 362 8 0 
9 3 3 1311 451 9 0 
9 5 4 241 482 10 0 
9 4 2 817 603 11 0 
9 3 3 821 27 14 0 
9 2 2 720 253 15 0 
10 25 16 645 833 1 0 
10 23 18 562 865 2 0 
10 2 2 910 132 3 0 
10 4 5 243 139 4 0 
10 4 6 1639 209 5 0 
10 3 3 1100 282 6 0 
10 3 3 694 310 7 0 
10 2 2 1102 362 8 0 
10 3 3 1311 451 9 0 
10 5 4 241 482 10 0 
10 4 2 817 603 11 0 
10 2 2 820 27 14 0 
10 2 2 721 253 15 0 
11 24 16 644 833 1 0 
11 23 17 562 861 2 0 
11 2 2 910 132 3 0 
11 4 5 243 139 4 0 
11 4 6 1639 209 5 0 
11 3 3 1100 282 6 0 
11 3 3 694 310 7 0 
11 2 2 1102 362 8 0 
11 3 3 1311 451 9 0 
11 5 4 241 482 10 0 
11 4 2 817 603 11 0 
11 2 2 820 27 14 0 
11 2 2 721 253 15 0 
12 24 16 646 833 1 0 
12 23 16 562 862 2 0 
12 2 2 910 132 3 0 
12 4 5 243 139 4 0 
12 4 6 1639 209 5 0 
12 3 3 1100 282 6 0 
12 3 3 694 309 7 0 
12 2 2 1102 362 8 0 
12 3 3 1311 451 9 0 
12 5 4 241 482 10 0 
12 4 2 817 603 11 0 
12 2 2 820 27 14 0 
12 2 2 721 253 15 0 
13 23 16 645 834 1 0 
13 24 18 563 864 2 0 
13 2 2 910 132 3 0 
13 4 5 243 139 4 0 
13 4 7 1639 210 5 0 
13 3 3 1100 282 6 0 
13 3 3 694 310 7 0 
13 2 2 1102 362 8 0 
13 3 4 1311 452 9 0 
13 5 4 241 482 10 0 
13 4 2 817 603 11 0 
13 2 2 820 27 14 0 
13 2 2 721 253 15 0 
14 23 16 645 833 1 0 
14 24 17 563 864 2 0 
14 2 2 910 132 3 0 
14 3 5 242 139 4 0 
14 5 6 1640 209 5 0 
14 3 3 1100 282 6 0 
14 3 3 694 310 7 0 
14 2 2 1102 362 8 0 
14 3 3 1311 451 9 0 
14 5 4 241 482 10 0 
14 4 2 817 603 11 0 
14 2 2 820 27 14 0 
14 2 2 721 253 15 0 
15 24 16 646 833 1 0 
15 24 19 563 863 2 0 
15 2 2 910 132 3 0 
15 4 5 243 139 4 0 
15 4 6 1639 209 5 0 
15 3 3 1100 282 6 0 
15 3 3 694 310 7 0 
15 2 2 1102 362 8 0 
15 3 3 1311 451 9 0 
15 5 4 241 482 10 0 
15 4 3 817 604 11 0 
15 1 1 551 839 12 0 
15 2 2 820 27 14 0 
15 2 2 721 253 15 0 
16 24 16 646 833 1 0 
16 24 17 563 864 2 0 
16 2 2 910 132 3 0 
16 4 5 243 139 4 0 
16 4 6 1639 209 5 0 
16 3 3 1100 282 6 0 
16 3 3 694 310 7 0 
16 2 2 1102 362 8 0 
16 3 3 1311 451 9 0 
16 5 4 241 482 10 0 
16 4 2 817 603 11 0 
16 0 1 545 839 12 0 
16 2 2 820 27 14 0 
16 2 2 721 253 15 0 
16 1 1 883 1061 18 0 
17 24 16 646 833 1 0 
17 24 16 563 862 2 0 
17 2 2 910 132 3 0 
17 4 5 242 139 4 0 
17 4 6 1639 209 5 0 
17 3 3 1100 282 6 0 
17 3 3 695 310 7 0 
17 2 2 1102 362 8 0 
17 3 3 1311 451 9 0 
17 5 4 241 482 10 0 
17 4 2 817 603 11 0 
17 4 2 549 845 12 0 
17 2 2 820 27 14 0 
17 2 2 721 253 15 0 
17 1 1 883 1061 18 0 
18 24 16 646 833 1 0 
18 24 16 563 862 2 0 
18 2 2 910 132 3 0 
18 4 5 242 139 4 0 
18 4 6 1639 209 5 0 
18 3 3 1100 282 6 0 
18 3 3 695 310 7 0 
18 2 2 1102 362 8 0 
18 3 3 1311 451 9 0 
18 5 4 241 482 10 0 
18 4 2 817 603 11 0 
18 2 2 820 27 14 0 
18 2 2 721 253 15 0 
18 1 1 883 1061 18 0 
19 24 17 646 834 1 0 
19 24 16 563 862 2 0 
19 2 2 910 132 3 0 
19 4 5 243 139 4 0 
19 4 6 1639 209 5 0 
19 3 3 1100 282 6 0 
19 3 3 694 310 7 0 
19 2 2 1102 362 8 0 
19 3 4 1312 452 9 0 
19 5 4 241 482 10 0 
19 4 2 817 603 11 0 
19 1 1 478 1185 13 0 
19 2 2 820 27 14 0 
19 2 2 721 253 15 0 
19 1 1 883 1061 18 0 
20 25 17 645 834 1 0 
20 24 17 563 864 2 0 
20 2 2 910 132 3 0 
20 4 5 242 139 4 0 
20 4 6 1639 209 5 0 
20 3 3 1100 282 6 0 
20 3 3 694 310 7 0 
20 2 2 1102 362 8 0 
20 3 3 1311 451 9 0 
20 5 4 242 482 10 0 
20 4 2 817 603 11 0 
20 1 1 482 1193 13 0 
20 2 2 820 27 14 0 
20 2 2 721 253 15 0 
20 1 1 883 1061 18 0 
21 24 16 646 833 1 0 
21 24 18 563 864 2 0 
21 2 2 910 132 3 0 
21 4 5 242 139 4 0 
21 4 6 1639 209 5 0 
21 3 3 1100 282 6 0 
21 3 3 694 310 7 0 
21 2 2 1102 362 8 0 
21 3 3 1311 451 9 0 
21 5 4 241 482 10 0 
21 4 2 817 603 11 0 
21 1 1 475 1189 13 0 
21 2 2 820 27 14 0 
21 2 2 721 253 15 0 
21 1 1 937 1041 16 0 
21 1 1 883 1061 18 0 
22 24 16 646 833 1 0 
22 22 14 566 861 2 0 
22 2 2 910 132 3 0 
22 4 5 243 139 4 0 
22 4 6 1639 209 5 0 
22 3 3 1100 282 6 0 
22 3 3 694 310 7 0 
22 2 2 1102 362 8 0 
22 3 3 1311 451 9 0 
22 5 4 241 482 10 0 
22 4 2 817 603 11 0 
22 2 2 820 27 14 0 
22 2 2 721 253 15 0 
22 1 1 939 1043 16 0 
22 1 1 883 1061 18 0 
23 24 16 646 833 1 0 
23 24 18 563 862 2 0 
23 2 2 910 132 3 0 
23 4 5 243 139 4 0 
23 4 6 1639 209 5 0 
23 3 3 1100 282 6 0 
23 3 3 694 310 7 0 
23 3 2 1102 362 8 0 
23 3 3 1311 451 9 0 
23 5 4 241 482 10 0 
23 4 2 817 603 11 0 
23 2 2 820 27 14 0 
23 2 2 721 253 15 0 
23 1 1 935 1050 16 0 
23 1 1 883 1061 18 0 
24 24 16 646 834 1 0 
24 24 18 563 864 2 0 
24 2 2 910 132 3 0 
24 4 5 243 139 4 0 
24 4 6 1639 209 5 0 
24 3 3 1100 282 6 0 
24 3 3 694 310 7 0 
24 2 2 1102 362 8 0 
24 3 3 1311 451 9 0 
24 5 4 241 482 10 0 
24 4 2 817 603 11 0 
24 2 2 820 27 14 0 
24 2 2 721 253 15 0 
24 1 1 937 1043 16 0 
24 1 0 675 854 17 0 
24 1 1 883 1061 18 0 
25 24 17 646 833 1 0 
25 24 19 563 863 2 0 
25 2 2 910 132 3 0 
25 4 5 243 139 4 0 
25 4 6 1639 209 5 0 
25 3 3 1100 282 6 0 
25 3 3 694 310 7 0 
25 2 2 1102 362 8 0 
25 3 3 1311 451 9 0 
25 5 4 241 482 10 0 
25 4 2 817 603 11 0 
25 2 2 820 27 14 0 
25 2 2 721 253 15 0 
25 1 1 677 846 17 0 
25 1 1 883 1061 18 0 
26 24 16 646 832 1 0 
26 22 18 566 862 2 0 
26 2 2 910 132 3 0 
26 4 5 243 139 4 0 
26 4 6 1639 209 5 0 
26 3 3 1100 282 6 0 
26 3 3 694 310 7 0 
26 2 2 1102 362 8 0 
26 3 3 1311 451 9 0 
26 5 4 241 482 10 0 
26 4 2 817 603 11 0 
26 2 2 820 27 14 0 
26 2 2 720 253 15 0 
26 1 1 683 845 17 0 
26 1 1 883 1061 18 0 
27 24 16 646 833 1 0 
27 25 18 564 862 2 0 
27 2 2 910 132 3 0 
27 4 5 243 139 4 0 
27 4 6 1639 209 5 0 
27 3 3 1100 282 6 0 
27 3 3 694 310 7 0 
27 2 2 1102 362 8 0 
27 3 4 1311 452 9 0 
27 5 4 241 482 10 0 
27 4 2 817 603 11 0 
27 3 3 821 28 14 0 
27 2 2 721 253 15 0 
27 0 1 687 844 17 1 
27 1 1 883 1061 18 0 
27 3 5 288 51 19 0 
28 24 16 646 833 1 0 
28 24 17 563 863 2 0 
28 2 2 910 132 3 0 
28 4 5 243 139 4 0 
28 4 6 1639 209 5 0 
28 3 3 1100 282 6 0 
28 3 3 694 310 7 0 
28 2 2 1102 362 8 0 
28 3 4 1311 452 9 0 
28 5 4 241 482 10 0 
28 4 2 817 603 11 0 
28 2 2 820 27 14 0 
28 2 2 721 253 15 0 
28 0 1 683 843 17 0 
28 1 1 883 1061 18 0 
28 3 5 288 51 19 0 
29 22 16 645 833 1 0 
29 24 17 563 863 2 0 
29 2 2 910 132 3 0 
29 4 5 243 139 4 0 
29 4 6 1639 209 5 0 
29 3 3 1100 282 6 0 
29 3 3 694 310 7 0 
29 2 2 1102 362 8 0 
29 3 4 1311 452 9 0 
29 5 4 241 482 10 0 
29 4 2 817 603 11 0 
29 3 2 821 27 14 0 
29 2 2 721 253 15 0 
29 1 1 883 1061 18 0 
29 0 1 678 841 17 1 
29 4 5 289 51 19 0 
30 24 16 646 833 1 0 
30 24 19 563 861 2 0 
30 2 2 910 132 3 0 
30 4 5 243 139 4 0 
30 5 6 1640 209 5 0 
30 3 3 1100 282 6 0 
30 3 3 694 310 7 0 
30 2 2 1102 362 8 0 
30 3 3 1311 451 9 0 
30 5 4 241 482 10 0 
30 4 2 817 603 11 0 
30 2 2 820 27 14 0 
30 2 2 721 253 15 0 
30 0 1 678 834 17 0 
30 1 1 883 1061 18 0 
30 3 5 288 51 19 0 
31 22 15 644 832 1 0 
31 24 17 563 863 2 0 
31 2 2 910 132 3 0 
31 4 5 243 139 4 0 
31 4 6 1639 209 5 0 
31 3 3 1100 282 6 0 
31 3 3 694 310 7 0 
31 2 2 1102 362 8 0 
31 3 3 1311 451 9 0 
31 5 4 241 482 10 0 
31 4 2 817 603 11 0 
31 2 2 820 27 14 0 
31 2 2 721 253 15 0 
31 1 1 883 1061 18 0 
31 3 5 288 51 19 0 
32 22 16 644 833 1 0 
32 24 14 563 861 2 0 
32 2 2 910 132 3 0 
32 4 5 243 139 4 0 
32 4 6 1639 209 5 0 
32 3 3 1100 282 6 0 
32 3 3 694 310 7 0 
32 2 2 1102 362 8 0 
32 3 3 1311 451 9 0 
32 5 4 241 482 10 0 
32 4 2 817 603 11 0 
32 2 2 820 27 14 0 
32 2 2 721 253 15 0 
32 1 1 883 1061 18 0 
32 3 5 288 51 19 0 
33 22 17 644 833 1 0 
33 24 18 563 864 2 0 
33 2 2 910 132 3 0 
33 4 5 243 139 4 0 
33 4 6 1639 209 5 0 
33 3 3 1100 282 6 0 
33 3 3 694 310 7 0 
33 2 2 1102 362 8 0 
33 3 3 1311 451 9 0 
33 5 4 241 482 10 0 
33 4 2 817 603 11 0 
33 2 2 820 27 14 0 
33 2 2 721 253 15 0 
33 1 1 883 1061 18 0 
33 3 5 288 51 19 0 
34 22 18 645 835 1 0 
34 24 14 563 860 2 0 
34 2 2 910 132 3 0 
34 4 5 243 139 4 0 
34 4 6 1639 209 5 0 
34 3 3 1100 282 6 0 
34 3 3 694 310 7 0 
34 2 2 1102 362 8 0 
34 3 3 1311 451 9 0 
34 5 4 241 482 10 0 
34 4 2 817 603 11 0 
34 2 2 820 27 14 0 
34 2 2 721 253 15 0 
34 1 1 883 1061 18 0 
34 3 5 288 51 19 0 
35 23 16 646 832 1 0 
35 24 14 563 860 2 0 
35 2 2 910 132 3 0 
35 4 5 243 139 4 0 
35 4 6 1639 209 5 0 
35 3 3 1100 282 6 0 
35 3 3 694 310 7 0 
35 2 2 1102 362 8 0 
35 3 3 1311 451 9 0 
35 5 4 241 482 10 0 
35 4 2 817 603 11 0 
35 2 2 820 27 14 0 
35 2 2 721 253 15 0 
35 1 1 883 1061 18 0 
35 3 5 288 51 19 0 
36 24 17 646 834 1 0 
36 24 14 563 860 2 0 
36 2 2 910 132 3 0 
36 4 5 243 139 4 0 
36 4 6 1639 209 5 0 
36 3 3 1100 282 6 0 
36 3 3 694 310 7 0 
36 2 2 1102 362 8 0 
36 3 3 1311 451 9 0 
36 5 4 241 482 10 0 
36 4 2 817 603 11 0 
36 2 3 820 27 14 0 
36 2 2 721 253 15 0 
36 1 1 883 1061 18 0 
36 3 5 288 51 19 0 
37 21 16 644 833 1 0 
37 24 14 563 860 2 0 
37 2 2 910 132 3 0 
37 4 5 243 139 4 0 
37 4 6 1639 209 5 0 
37 3 3 1100 282 6 0 
37 3 3 694 310 7 0 
37 2 2 1102 362 8 0 
37 3 3 1311 451 9 0 
37 5 5 241 482 10 0 
37 4 2 817 603 11 0 
37 2 2 820 27 14 0 
37 2 2 721 253 15 0 
37 1 1 883 1061 18 0 
37 3 5 288 51 19 0 
38 22 16 645 833 1 0 
38 24 16 563 862 2 0 
38 2 2 910 132 3 0 
38 4 5 243 139 4 0 
38 4 6 1639 209 5 0 
38 3 3 1100 282 6 0 
38 3 3 694 310 7 0 
38 2 2 1102 362 8 0 
38 3 3 1311 451 9 0 
38 5 4 241 482 10 0 
38 4 2 817 603 11 0 
38 2 2 820 27 14 0 
38 2 2 721 253 15 0 
38 1 1 883 1061 18 0 
38 3 5 288 51 19 0 
39 21 16 644 833 1 0 
39 24 16 563 862 2 0 
39 2 2 910 132 3 0 
39 4 5 243 138 4 0 
39 4 7 1639 210 5 0 
39 3 3 1100 282 6 0 
39 3 3 694 310 7 0 
39 2 2 1102 362 8 0 
39 3 3 1311 451 9 0 
39 5 4 241 482 10 0 
39 4 2 817 603 11 0 
39 2 2 820 27 14 0 
39 2 2 721 253 15 0 
39 1 1 883 1061 18 0 
39 3 5 288 50 19 0 
39 2 2 634 846 20 0 
39 1 1 855 1127 21 0 
40 24 16 643 833 1 0 
40 24 14 563 860 2 0 
40 2 2 910 132 3 0 
40 4 5 243 139 4 0 
40 4 6 1639 209 5 0 
40 3 3 1100 282 6 0 
40 3 3 694 310 7 0 
40 2 2 1102 362 8 0 
40 3 3 1311 451 9 0 
40 5 4 241 482 10 0 
40 4 2 817 603 11 0 
40 2 2 820 27 14 0 
40 2 2 721 252 15 0 
40 1 1 883 1061 18 0 
40 3 5 288 51 19 0 
40 2 1 633 851 20 0 
40 1 2 855 1132 21 0 
40 1 1 589 891 22 0 
41 23 16 643 833 1 0 
41 24 16 563 859 2 0 
41 2 2 910 132 3 0 
41 4 5 243 139 4 0 
41 4 6 1639 209 5 0 
41 3 3 1100 282 6 0 
41 3 3 694 310 7 0 
41 2 2 1102 362 8 0 
41 3 4 1311 452 9 0 
41 5 4 241 482 10 0 
41 4 2 817 603 11 0 
41 2 3 820 27 14 0 
41 2 3 720 252 15 0 
41 1 1 883 1061 18 0 
41 3 5 288 51 19 0 
41 2 1 631 845 20 0 
41 1 1 855 1125 21 0 
41 1 1 585 894 22 0 
42 21 15 644 832 1 0 
42 24 16 563 862 2 0 
42 2 2 910 132 3 0 
42 4 5 243 139 4 0 
42 4 6 1639 209 5 0 
42 3 3 1100 282 6 0 
42 3 3 694 310 7 0 
42 2 2 1102 362 8 0 
42 3 3 1311 451 9 0 
42 5 5 241 482 10 0 
42 4 2 817 603 11 0 
42 2 3 820 27 14 0 
42 2 2 721 252 15 0 
42 1 1 883 1061 18 0 
42 3 5 288 51 19 0 
42 1 1 589 887 22 0 
42 1 0 629 838 20 1 
43 22 15 645 832 1 0 
43 24 16 563 859 2 0 
43 2 2 910 132 3 0 
43 4 6 243 138 4 0 
43 4 6 1639 209 5 0 
43 3 3 1100 282 6 0 
43 3 3 694 310 7 0 
43 2 2 1102 362 8 0 
43 3 3 1311 451 9 0 
43 5 4 242 482 10 0 
43 4 2 817 603 11 0 
43 2 2 820 27 14 0 
43 2 2 721 252 15 0 
43 1 1 883 1061 18 0 
43 3 4 288 51 19 0 
43 1 1 626 845 20 0 
44 22 16 644 833 1 0 
44 24 14 563 860 2 0 
44 2 2 910 132 3 0 
44 4 5 243 139 4 0 
44 4 6 1639 209 5 0 
44 3 3 1100 282 6 0 
44 3 3 694 310 7 0 
44 2 2 1102 362 8 0 
44 3 3 1311 451 9 0 
44 5 4 241 482 10 0 
44 4 2 817 603 11 0 
44 2 2 820 27 14 0 
44 2 2 721 253 15 0 
44 1 1 883 1061 18 0 
44 3 5 288 51 19 0 
44 6 2 569 876 23 0 
45 21 16 643 833 1 0 
45 24 18 563 861 2 0 
45 2 2 910 132 3 0 
45 3 5 243 139 4 0 
45 4 7 1639 210 5 0 
45 3 3 1100 282 6 0 
45 3 3 694 310 7 0 
45 2 2 1102 362 8 0 
45 3 3 1311 451 9 0 
45 5 4 241 482 10 0 
45 4 2 817 603 11 0 
45 2 2 820 27 14 0 
45 2 2 721 253 15 0 
45 1 1 883 1061 18 0 
45 3 5 288 51 19 0 
45 1 2 564 878 23 0 
45 2 1 554 877 24 0 
45 2 1 541 854 26 0 
46 21 16 643 833 1 0 
46 24 15 563 859 2 0 
46 2 2 910 132 3 0 
46 4 6 243 138 4 0 
46 4 6 1639 209 5 0 
46 3 3 1100 282 6 0 
46 3 3 694 310 7 0 
46 2 2 1102 362 8 0 
46 3 3 1311 451 9 0 
46 5 4 241 482 10 0 
46 4 2 817 603 11 0 
46 2 2 820 27 14 0 
46 2 2 720 253 15 0 
46 1 1 877 1065 18 0 
46 3 5 288 50 19 0 
46 6 3 569 877 23 0 
46 1 1 547 873 24 0 
46 2 1 541 854 26 0 
47 21 16 643 832 1 0 
47 24 16 563 859 2 0 
47 2 2 910 132 3 0 
47 4 5 243 139 4 0 
47 4 6 1639 209 5 0 
47 3 3 1099 282 6 0 
47 3 3 694 310 7 0 
47 2 2 1102 362 8 0 
47 3 3 1311 451 9 0 
47 5 4 241 482 10 0 
47 4 2 817 603 11 0 
47 2 2 820 27 14 0 
47 2 2 721 253 15 0 
47 1 1 883 1061 18 0 
47 4 5 288 50 19 0 
47 4 3 571 877 23 0 
47 2 1 553 873 24 0 
47 2 1 541 854 26 0 
48 21 15 644 832 1 0 
48 24 14 563 860 2 0 
48 2 2 910 132 3 0 
48 4 5 243 139 4 0 
48 4 6 1639 209 5 0 
48 3 3 1100 282 6 0 
48 3 3 694 310 7 0 
48 2 2 1102 362 8 0 
48 3 3 1311 451 9 0 
48 5 4 241 482 10 0 
48 4 2 817 603 11 0 
48 2 2 820 27 14 0 
48 2 2 720 253 15 0 
48 1 1 883 1061 18 0 
48 3 5 288 50 19 0 
48 4 3 571 877 23 0 
48 1 2 580 855 25 0 
48 1 1 558 873 24 1 
48 2 1 541 854 26 0 
49 21 15 643 832 1 0 
49 24 14 563 860 2 0 
49 2 2 910 132 3 0 
49 4 5 243 139 4 0 
49 4 6 1639 209 5 0 
49 3 3 1100 282 6 0 
49 3 3 694 309 7 0 
49 2 2 1102 362 8 0 
49 3 3 1311 451 9 0 
49 5 4 241 482 10 0 
49 4 2 817 603 11 0 
49 2 2 820 27 14 0 
49 2 2 720 253 15 0 
49 1 1 883 1061 18 0 
49 3 5 288 51 19 0 
49 4 2 571 876 23 0 
49 1 1 575 853 25 0 
49 1 1 564 873 24 1 
49 2 1 541 854 26 0 
50 22 16 642 833 1 0 
50 24 18 563 864 2 0 
50 2 2 910 132 3 0 
50 4 5 243 139 4 0 
50 4 6 1639 209 5 0 
50 3 3 1100 282 6 0 
50 3 3 694 310 7 0 
50 2 2 1102 362 8 0 
50 3 3 1311 451 9 0 
50 5 4 241 482 10 0 
50 4 2 817 603 11 0 
50 2 2 820 27 14 0 
50 2 2 721 253 15 0 
50 1 1 883 1061 18 0 
50 3 5 288 51 19 0 
50 4 2 571 876 23 0 
50 2 1 558 872 24 0 
50 1 1 578 850 25 0 
50 2 1 541 854 26 0 
51 21 15 644 832 1 0 
51 24 19 563 862 2 0 
51 2 2 910 132 3 0 
51 4 5 243 139 4 0 
51 4 6 1639 209 5 0 
51 3 3 1100 282 6 0 
51 3 3 694 310 7 0 
51 2 2 1102 362 8 0 
51 3 3 1311 451 9 0 
51 5 4 241 482 10 0 
51 4 2 817 603 11 0 
51 2 2 820 27 14 0 
51 2 2 720 253 15 0 
51 1 1 883 1061 18 0 
51 3 5 288 51 19 0 
51 4 2 571 876 23 0 
51 2 1 541 854 26 0 
52 21 15 644 832 1 0 
52 24 14 563 860 2 0 
52 2 2 910 132 3 0 
52 4 5 243 138 4 0 
52 4 6 1639 209 5 0 
52 3 3 1100 282 6 0 
52 3 3 694 309 7 0 
52 2 2 1102 362 8 0 
52 3 3 1311 451 9 0 
52 5 5 241 482 10 0 
52 4 2 817 603 11 0 
52 2 2 820 27 14 0 
52 2 2 721 252 15 0 
52 1 1 883 1061 18 0 
52 3 6 288 50 19 0 
52 4 3 571 877 23 0 
52 2 1 541 854 26 0 
53 21 15 643 832 1 0 
53 24 18 563 861 2 0 
53 2 2 910 132 3 0 
53 4 5 243 138 4 0 
53 4 6 1639 209 5 0 
53 3 3 1100 282 6 0 
53 3 3 694 310 7 0 
53 2 2 1102 362 8 0 
53 3 3 1311 451 9 0 
53 5 4 241 482 10 0 
53 4 2 817 603 11 0 
53 2 2 820 27 14 0 
53 2 2 721 252 15 0 
53 1 1 883 1061 18 0 
53 3 5 288 51 19 0 
53 3 2 571 876 23 0 
53 2 1 541 854 26 0 
54 21 15 643 832 1 0 
54 24 16 563 859 2 0 
54 2 2 910 132 3 0 
54 4 5 243 138 4 0 
54 4 6 1639 209 5 0 
54 3 3 1100 282 6 0 
54 3 3 694 310 7 0 
54 2 2 1102 362 8 0 
54 3 3 1311 451 9 0 
54 5 4 241 482 10 0 
54 4 2 817 603 11 0 
54 2 2 820 27 14 0 
54 2 2 721 253 15 0 
54 1 1 883 1061 18 0 
54 3 5 288 50 19 0 
54 4 2 571 876 23 0 
54 2 1 541 854 26 0 
55 21 15 644 832 1 0 
55 24 14 563 860 2 0 
55 2 2 910 132 3 0 
55 4 5 243 139 4 0 
55 4 6 1639 209 5 0 
55 3 3 1100 282 6 0 
55 3 3 694 310 7 0 
55 2 2 1102 362 8 0 
55 3 3 1311 451 9 0 
55 5 4 241 482 10 0 
55 4 2 817 603 11 0 
55 2 2 820 27 14 0 
55 2 3 721 252 15 0 
55 1 1 883 1061 18 0 
55 3 5 288 51 19 0 
55 4 2 571 876 23 0 
55 2 1 541 854 26 0 
56 21 15 644 832 1 0 
56 24 14 563 860 2 0 
56 2 2 910 131 3 0 
56 4 5 243 139 4 0 
56 4 6 1639 209 5 0 
56 3 3 1100 282 6 0 
56 3 3 694 310 7 0 
56 2 2 1102 362 8 0 
56 3 3 1311 451 9 0 
56 5 4 241 482 10 0 
56 4 3 817 603 11 0 
56 2 2 820 27 14 0 
56 2 2 721 253 15 0 
56 1 1 883 1061 18 0 
56 3 5 288 51 19 0 
56 3 2 570 875 23 1 
56 2 1 541 854 26 0 
57 21 16 644 832 1 0 
57 24 16 563 859 2 0 
57 2 2 910 132 3 0 
57 4 5 243 139 4 0 
57 4 6 1639 209 5 0 
57 3 3 1100 282 6 0 
57 3 4 694 309 7 0 
57 1 2 1102 362 8 0 
57 3 3 1311 451 9 0 
57 5 4 242 482 10 0 
57 4 2 817 603 11 0 
57 2 2 820 27 14 0 
57 2 2 721 253 15 0 
57 1 1 883 1061 18 0 
57 4 6 289 50 19 0 
57 3 2 570 876 23 1 
57 2 1 541 854 26 0 
58 24 15 644 832 1 0 
58 24 16 563 859 2 0 
58 2 2 910 132 3 0 
58 4 5 243 139 4 0 
58 4 6 1639 209 5 0 
58 3 3 1100 282 6 0 
58 3 3 694 310 7 0 
58 2 2 1102 362 8 0 
58 3 3 1311 451 9 0 
58 5 4 241 482 10 0 
58 4 2 817 603 11 0 
58 2 2 820 27 14 0 
58 2 2 721 252 15 0 
58 1 1 883 1061 18 0 
58 3 5 288 51 19 0 
58 1 1 566 881 23 0 
58 2 1 541 854 26 0 
59 22 16 642 833 1 0 
59 24 16 563 859 2 0 
59 2 2 910 132 3 0 
59 4 5 243 139 4 0 
59 4 6 1639 209 5 0 
59 3 3 1100 282 6 0 
59 3 3 694 310 7 0 
59 2 2 1102 362 8 0 
59 3 3 1311 451 9 0 
59 5 4 242 482 10 0 
59 4 2 817 603 11 0 
59 2 2 820 27 14 0 
59 2 2 721 252 15 0 
59 1 1 883 1061 18 0 
59 3 5 288 51 19 0 
59 2 1 541 854 26 0 
60 21 15 644 833 1 0 
60 24 15 563 860 2 0 
60 2 2 910 132 3 0 
60 4 5 243 139 4 0 
60 4 6 1639 209 5 0 
60 3 3 1100 282 6 0 
60 3 3 694 310 7 0 
60 1 2 1102 362 8 0 
60 3 3 1311 451 9 0 
60 5 4 241 482 10 0 
60 4 2 817 604 11 0 
60 2 2 820 27 14 0 
60 2 2 721 252 15 0 
60 1 1 883 1061 18 0 
60 3 5 288 51 19 0 
60 2 1 541 854 26 0 
60 1 1 672 846 27 0 
61 21 15 643 833 1 0 
61 24 18 563 861 2 0 
61 2 2 910 132 3 0 
61 4 5 243 139 4 0 
61 4 6 1639 209 5 0 
61 3 3 1100 282 6 0 
61 3 3 694 310 7 0 
61 2 2 1102 362 8 0 
61 3 3 1311 451 9 0 
61 5 4 241 482 10 0 
61 4 2 817 603 11 0 
61 2 2 820 27 14 0 
61 2 2 721 252 15 0 
61 1 1 883 1061 18 0 
61 3 5 288 51 19 0 
61 2 1 541 854 26 0 
61 1 1 675 846 27 0 
62 21 16 644 833 1 0 
62 24 16 563 859 2 0 
62 2 2 910 132 3 0 
62 4 5 243 139 4 0 
62 4 6 1639 209 5 0 
62 3 3 1100 282 6 0 
62 3 3 694 310 7 0 
62 2 2 1102 362 8 0 
62 3 3 1311 451 9 0 
62 5 5 241 482 10 0 
62 4 2 817 603 11 0 
62 2 3 820 27 14 0 
62 2 2 721 252 15 0 
62 1 1 883 1061 18 0 
62 3 5 288 51 19 0 
62 2 1 541 854 26 0 
62 1 1 675 847 27 0 
63 23 16 645 833 1 0 
63 24 16 563 859 2 0 
63 2 2 910 132 3 0 
63 3 5 242 139 4 0 
63 4 6 1639 209 5 0 
63 3 3 1100 282 6 0 
63 3 3 694 310 7 0 
63 2 2 1102 362 8 0 
63 3 3 1311 451 9 0 
63 5 4 241 482 10 0 
63 4 2 817 603 11 0 
63 2 2 820 27 14 0 
63 2 2 721 252 15 0 
63 1 1 883 1061 18 0 
63 3 5 288 51 19 0 
63 2 1 541 854 26 0 
63 0 1 674 848 27 1 
64 21 15 644 832 1 0 
64 24 16 563 859 2 0 
64 2 2 910 132 3 0 
64 3 5 242 139 4 0 
64 4 6 1639 209 5 0 
64 3 3 1100 282 6 0 
64 3 3 694 310 7 0 
64 2 2 1102 362 8 0 
64 3 3 1311 451 9 0 
64 5 4 241 482 10 0 
64 4 2 817 603 11 0 
64 2 2 820 27 14 0 
64 2 2 721 252 15 0 
64 1 1 883 1061 18 0 
64 3 5 288 51 19 0 
64 2 1 541 854 26 0 
64 0 1 674 850 27 1 
65 21 16 643 833 1 0 
65 24 16 563 859 2 0 
65 2 2 910 132 3 0 
65 3 5 242 139 4 0 
65 4 6 1639 209 5 0 
65 3 3 1100 282 6 0 
65 3 3 694 310 7 0 
65 2 2 1102 362 8 0 
65 3 3 1311 451 9 0 
65 5 4 241 482 10 0 
65 4 2 817 603 11 0 
65 2 2 820 27 14 0 
65 2 2 721 252 15 0 
65 1 1 883 1061 18 0 
65 3 5 288 51 19 0 
65 2 1 541 854 26 0 
65 0 1 667 853 27 0 
66 21 16 644 833 1 0 
66 24 16 563 859 2 0 
66 2 2 910 132 3 0 
66 3 5 242 139 4 0 
66 4 6 1639 209 5 0 
66 3 3 1100 282 6 0 
66 3 3 694 310 7 0 
66 2 2 1102 362 8 0 
66 3 3 1311 451 9 0 
66 5 4 241 482 10 0 
66 4 2 817 603 11 0 
66 2 2 820 27 14 0 
66 2 2 721 252 15 0 
66 1 1 883 1061 18 0 
66 3 5 288 51 19 0 
66 2 1 541 854 26 0 
66 0 1 659 855 27 1 
67 21 16 643 833 1 0 
67 24 16 563 859 2 0 
67 2 2 910 132 3 0 
67 3 5 242 139 4 0 
67 4 6 1639 209 5 0 
67 3 3 1100 282 6 0 
67 3 3 694 310 7 0 
67 2 2 1102 361 8 0 
67 3 3 1311 451 9 0 
67 5 4 241 482 10 0 
67 4 2 817 603 11 0 
67 2 3 820 27 14 0 
67 2 2 721 252 15 0 
67 1 1 883 1061 18 0 
67 3 5 288 51 19 0 
67 2 1 541 854 26 0 
67 1 1 660 850 27 0 
68 21 16 644 832 1 0 
68 24 16 563 859 2 0 
68 2 2 910 132 3 0 
68 3 5 242 139 4 0 
68 4 6 1639 209 5 0 
68 3 3 1100 282 6 0 
68 3 3 694 310 7 0 
68 2 2 1102 362 8 0 
68 3 3 1311 451 9 0 
68 5 4 241 482 10 0 
68 4 2 817 603 11 0 
68 2 2 820 27 14 0 
68 2 2 721 252 15 0 
68 1 1 883 1061 18 0 
68 3 5 288 51 19 0 
68 2 1 541 854 26 0 
69 22 16 644 834 1 0 
69 24 18 563 861 2 0 
69 2 2 910 132 3 0 
69 3 5 242 139 4 0 
69 4 6 1639 209 5 0 
69 3 3 1100 282 6 0 
69 3 3 694 310 7 0 
69 2 2 1102 362 8 0 
69 3 3 1311 451 9 0 
69 5 4 241 482 10 0 
69 4 2 817 603 11 0 
69 2 2 820 27 14 0 
69 2 2 721 252 15 0 
69 1 1 883 1061 18 0 
69 3 5 288 51 19 0 
69 2 0 541 852 26 1 
70 22 16 645 833 1 0 
70 24 18 563 861 2 0 
70 2 2 910 132 3 0 
70 3 5 242 139 4 0 
70 4 6 1639 209 5 0 
70 3 3 1100 282 6 0 
70 3 3 694 310 7 0 
70 2 2 1102 362 8 0 
70 3 3 1311 451 9 0 
70 5 4 241 482 10 0 
70 4 2 817 603 11 0 
70 2 2 820 27 14 0 
70 2 2 721 252 15 0 
70 1 1 883 1061 18 0 
70 3 5 288 51 19 0 
70 2 1 541 854 26 0 
71 22 17 644 833 1 0 
71 24 16 563 859 2 0 
71 2 2 910 132 3 0 
71 3 5 242 139 4 0 
71 4 6 1639 209 5 0 
71 3 3 1100 282 6 0 
71 3 3 694 310 7 0 
71 2 2 1102 362 8 0 
71 3 3 1311 451 9 0 
71 5 4 241 482 10 0 
71 4 2 817 603 11 0 
71 2 2 820 27 14 0 
71 2 2 721 252 15 0 
71 1 1 883 1061 18 0 
71 3 5 288 51 19 0 
71 2 1 541 854 26 0 
72 22 16 645 833 1 0 
72 24 16 563 859 2 0 
72 2 2 910 132 3 0 
72 3 5 242 139 4 0 
72 4 6 1639 209 5 0 
72 3 3 1100 282 6 0 
72 3 3 694 310 7 0 
72 2 2 1102 362 8 0 
72 3 3 1311 451 9 0 
72 5 4 241 482 10 0 
72 4 2 817 603 11 0 
72 2 2 820 27 14 0 
72 2 2 721 252 15 0 
72 1 1 883 1061 18 0 
72 3 5 288 51 19 0 
72 2 1 541 854 26 0 
73 23 16 643 833 1 0 
73 24 16 563 859 2 0 
73 2 2 910 132 3 0 
73 3 5 242 139 4 0 
73 4 6 1639 209 5 0 
73 3 3 1100 282 6 0 
73 3 3 694 310 7 0 
73 2 2 1102 362 8 0 
73 3 3 1311 451 9 0 
73 5 4 241 482 10 0 
73 4 2 817 603 11 0 
73 2 3 820 28 14 0 
73 2 2 721 252 15 0 
73 1 1 883 1061 18 0 
73 5 5 290 51 19 0 
73 2 1 541 854 26 0 
74 22 16 644 833 1 0 
74 24 16 563 859 2 0 
74 2 2 910 132 3 0 
74 3 5 242 139 4 0 
74 4 6 1639 209 5 0 
74 3 3 1100 282 6 0 
74 3 3 694 310 7 0 
74 2 2 1102 362 8 0 
74 3 3 1311 451 9 0 
74 5 4 241 482 10 0 
74 4 2 817 603 11 0 
74 2 2 820 27 14 0 
74 2 2 721 252 15 0 
74 1 1 883 1061 18 0 
74 3 5 288 51 19 0 
74 2 1 541 854 26 0 
75 22 16 645 833 1 0 
75 24 15 563 859 2 0 
75 2 2 910 132 3 0 
75 4 5 243 139 4 0 
75 4 6 1639 209 5 0 
75 3 3 1100 282 6 0 
75 3 3 694 310 7 0 
75 2 2 1102 362 8 0 
75 3 3 1311 451 9 0 
75 6 4 241 482 10 0 
75 4 2 817 603 11 0 
75 2 2 820 27 14 0 
75 2 2 721 252 15 0 
75 1 1 883 1061 18 0 
75 5 5 290 51 19 0 
75 2 1 541 854 26 0 
76 22 16 645 833 1 0 
76 24 16 563 859 2 0 
76 2 2 910 132 3 0 
76 3 5 242 139 4 0 
76 4 6 1639 209 5 0 
76 3 3 1100 282 6 0 
76 3 3 694 310 7 0 
76 2 2 1102 362 8 0 
76 4 4 1312 451 9 0 
76 5 4 241 482 10 0 
76 4 2 817 603 11 0 
76 2 2 820 27 14 0 
76 2 2 721 252 15 0 
76 1 1 883 1061 18 0 
76 3 5 288 51 19 0 
76 2 1 541 854 26 0 
77 23 16 645 834 1 0 
77 24 18 563 861 2 0 
77 2 2 910 132 3 0 
77 3 5 242 139 4 0 
77 4 6 1639 209 5 0 
77 3 3 1100 282 6 0 
77 3 3 694 310 7 0 
77 2 2 1102 362 8 0 
77 3 3 1311 451 9 0 
77 5 4 241 482 10 0 
77 4 2 817 603 11 0 
77 2 2 820 27 14 0 
77 2 2 721 252 15 0 
77 1 1 883 1061 18 0 
77 3 5 288 51 19 0 
77 2 1 541 854 26 0 
78 22 16 644 831 1 0 
78 24 18 563 861 2 0 
78 2 2 910 132 3 0 
78 4 5 243 139 4 0 
78 4 6 1639 209 5 0 
78 3 3 1100 282 6 0 
78 3 3 694 310 7 0 
78 2 2 1102 362 8 0 
78 3 3 1311 451 9 0 
78 5 4 241 482 10 0 
78 4 2 817 603 11 0 
78 2 2 820 27 14 0 
78 2 2 721 253 15 0 
78 1 1 883 1061 18 0 
78 3 5 288 51 19 0 
78 2 1 541 854 26 0 
79 25 18 564 862 2 0 
79 2 2 910 132 3 0 
79 3 5 242 139 4 0 
79 4 6 1639 209 5 0 
79 3 3 1100 282 6 0 
79 3 3 694 310 7 0 
79 2 2 1102 362 8 0 
79 3 3 1311 451 9 0 
79 5 4 241 482 10 0 
79 4 2 817 603 11 0 
79 2 2 820 27 14 0 
79 2 2 721 252 15 0 
79 1 1 883 1061 18 0 
79 3 5 288 51 19 0 
79 22 16 642 830 1 1 
79 1 1 540 853 26 1 
80 22 17 644 834 1 0 
80 24 18 563 862 2 0 
80 2 2 910 132 3 0 
80 3 5 242 139 4 0 
80 4 6 1639 209 5 0 
80 3 3 1100 282 6 0 
80 3 3 694 310 7 0 
80 2 2 1102 362 8 0 
80 3 3 1311 451 9 0 
80 5 4 241 482 10 0 
80 4 2 817 603 11 0 
80 2 2 820 27 14 0 
80 2 2 721 252 15 0 
80 1 1 883 1061 18 0 
80 3 5 288 51 19 0 
80 2 1 541 854 26 0 
81 22 16 644 833 1 0 
81 24 18 563 861 2 0 
81 2 2 910 132 3 0 
81 3 5 242 139 4 0 
81 4 6 1639 209 5 0 
81 3 3 1100 282 6 0 
81 3 3 694 309 7 0 
81 2 2 1102 362 8 0 
81 3 3 1311 451 9 0 
81 5 4 241 482 10 0 
81 4 2 817 603 11 0 
81 2 2 820 27 14 0 
81 2 2 721 252 15 0 
81 1 1 882 1061 18 0 
81 3 5 288 51 19 0 
81 2 1 541 854 26 0 
82 21 18 565 861 2 0 
82 2 2 910 132 3 0 
82 3 5 242 139 4 0 
82 4 6 1639 209 5 0 
82 3 3 1100 282 6 0 
82 3 4 694 309 7 0 
82 2 2 1102 362 8 0 
82 3 3 1311 451 9 0 
82 5 4 241 482 10 0 
82 4 2 817 603 11 0 
82 3 3 821 27 14 0 
82 2 2 721 252 15 0 
82 1 1 883 1061 18 0 
82 4 5 289 51 19 0 
82 2 2 541 862 26 0 
82 22 16 644 832 1 1 
83 24 19 563 861 2 0 
83 2 2 910 132 3 0 
83 3 5 242 139 4 0 
83 4 6 1639 209 5 0 
83 3 3 1100 282 6 0 
83 3 3 694 310 7 0 
83 2 2 1102 362 8 0 
83 3 3 1311 451 9 0 
83 5 4 241 482 10 0 
83 4 2 817 603 11 0 
83 2 2 820 27 14 0 
83 2 2 721 252 15 0 
83 1 1 883 1061 18 0 
83 3 5 288 51 19 0 
83 2 1 541 854 26 0 
83 22 16 643 832 1 1 
84 22 15 644 832 1 0 
84 25 18 564 861 2 0 
84 2 2 910 132 3 0 
84 3 5 242 139 4 0 
84 4 6 1639 209 5 0 
84 3 3 1100 282 6 0 
84 3 3 694 310 7 0 
84 2 2 1102 362 8 0 
84 3 3 1311 451 9 0 
84 5 4 241 482 10 0 
84 4 2 817 603 11 0 
84 2 2 820 27 14 0 
84 2 2 721 252 15 0 
84 1 1 883 1061 18 0 
84 3 5 288 51 19 0 
84 2 1 541 854 26 0 
85 24 16 644 833 1 0 
85 24 18 563 861 2 0 
85 2 2 910 132 3 0 
85 3 5 242 139 4 0 
85 4 6 1639 209 5 0 
85 3 3 1100 282 6 0 
85 3 3 694 310 7 0 
85 2 2 1102 362 8 0 
85 3 4 1311 451 9 0 
85 5 4 241 482 10 0 
85 4 2 817 603 11 0 
85 2 2 820 27 14 0 
85 2 2 721 252 15 0 
85 1 1 883 1061 18 0 
85 3 5 288 51 19 0 
85 2 1 541 854 26 0 
86 22 17 644 833 1 0 
86 25 18 564 861 2 0 
86 2 2 910 132 3 0 
86 3 5 242 139 4 0 
86 4 6 1639 209 5 0 
86 3 3 1100 282 6 0 
86 3 3 694 310 7 0 
86 2 2 1102 362 8 0 
86 3 3 1311 451 9 0 
86 5 4 241 482 10 0 
86 4 2 817 603 11 0 
86 2 2 820 27 14 0 
86 2 2 721 252 15 0 
86 1 1 883 1061 18 0 
86 3 6 288 50 19 0 
86 2 1 541 854 26 0 
86 1 1 829 1046 28 0 
87 24 16 644 833 1 0 
87 24 18 563 862 2 0 
87 2 2 910 132 3 0 
87 3 5 242 139 4 0 
87 4 6 1639 209 5 0 
87 3 3 1100 282 6 0 
87 3 3 694 310 7 0 
87 2 2 1102 362 8 0 
87 3 3 1311 451 9 0 
87 5 4 241 482 10 0 
87 4 2 817 603 11 0 
87 2 2 820 27 14 0 
87 2 2 721 252 15 0 
87 1 1 883 1061 18 0 
87 3 5 288 51 19 0 
87 2 1 541 854 26 0 
87 1 1 833 1054 28 0 
88 22 16 645 833 1 0 
88 24 18 563 861 2 0 
88 2 2 910 132 3 0 
88 3 5 242 139 4 0 
88 4 6 1639 209 5 0 
88 3 3 1100 282 6 0 
88 3 3 694 310 7 0 
88 2 2 1102 362 8 0 
88 3 3 1311 451 9 0 
88 5 4 241 482 10 0 
88 4 2 817 603 11 0 
88 2 2 820 27 14 0 
88 2 2 721 252 15 0 
88 1 1 883 1061 18 0 
88 3 5 288 51 19 0 
88 1 1 825 1049 28 0 
88 1 1 540 853 26 1 
89 23 16 643 833 1 0 
89 23 18 564 861 2 0 
89 2 2 910 132 3 0 
89 3 5 242 139 4 0 
89 4 6 1639 209 5 0 
89 3 3 1100 282 6 0 
89 3 3 694 310 7 0 
89 2 2 1102 362 8 0 
89 3 3 1311 451 9 0 
89 5 4 241 482 10 0 
89 4 2 817 603 11 0 
89 2 2 820 27 14 0 
89 2 2 721 252 15 0 
89 1 1 883 1061 18 0 
89 4 5 289 51 19 0 
89 3 2 542 857 26 0 
90 22 16 644 833 1 0 
90 23 18 562 861 2 0 
90 2 2 910 132 3 0 
90 3 5 242 139 4 0 
90 4 6 1639 209 5 0 
90 3 3 1100 282 6 0 
90 3 3 694 310 7 0 
90 2 2 1102 362 8 0 
90 3 3 1311 451 9 0 
90 5 4 241 482 10 0 
90 4 2 817 603 11 0 
90 2 2 820 27 14 0 
90 2 2 721 252 15 0 
90 1 1 883 1061 18 0 
90 3 5 288 51 19 0 
90 2 1 541 854 26 0 
91 22 16 644 833 1 0 
91 24 18 563 861 2 0 
91 2 2 910 132 3 0 
91 3 5 242 139 4 0 
91 4 6 1639 209 5 0 
91 3 3 1100 282 6 0 
91 3 3 694 310 7 0 
91 2 2 1102 362 8 0 
91 3 3 1311 451 9 0 
91 5 4 241 482 10 0 
91 4 2 817 603 11 0 
91 2 2 820 27 14 0 
91 2 2 721 252 15 0 
91 1 1 883 1061 18 0 
91 3 5 288 51 19 0 
91 2 1 541 854 26 0 
92 22 16 644 833 1 0 
92 24 20 563 863 2 0 
92 2 2 910 132 3 0 
92 3 5 242 139 4 0 
92 4 6 1639 209 5 0 
92 3 3 1100 282 6 0 
92 3 3 694 310 7 0 
92 2 2 1102 362 8 0 
92 3 3 1311 451 9 0 
92 5 4 241 482 10 0 
92 4 2 817 603 11 0 
92 2 2 820 27 14 0 
92 2 2 721 252 15 0 
92 1 1 883 1061 18 0 
92 3 5 288 51 19 0 
92 2 1 541 854 26 0 
93 21 16 643 833 1 0 
93 24 18 563 861 2 0 
93 2 2 910 132 3 0 
93 3 5 242 139 4 0 
93 4 6 1639 209 5 0 
93 3 3 1100 282 6 0 
93 3 3 694 310 7 0 
93 2 2 1102 362 8 0 
93 3 3 1311 451 9 0 
93 5 4 242 482 10 0 
93 4 2 817 603 11 0 
93 2 2 820 27 14 0 
93 2 2 721 252 15 0 
93 1 1 883 1061 18 0 
93 3 5 288 51 19 0 
93 2 1 541 854 26 0 
94 23 16 643 833 1 0 
94 24 18 563 861 2 0 
94 2 2 910 132 3 0 
94 3 5 242 139 4 0 
94 4 6 1639 209 5 0 
94 3 3 1100 282 6 0 
94 3 3 694 310 7 0 
94 2 2 1102 362 8 0 
94 3 3 1311 451 9 0 
94 5 4 241 482 10 0 
94 4 2 817 603 11 0 
94 2 2 820 27 14 0 
94 2 2 721 252 15 0 
94 1 1 883 1061 18 0 
94 3 5 288 51 19 0 
94 2 1 541 854 26 0 
95 24 18 563 861 2 0 
95 2 2 910 132 3 0 
95 3 5 242 139 4 0 
95 5 6 1639 209 5 0 
95 3 3 1100 282 6 0 
95 3 3 694 310 7 0 
95 2 2 1102 362 8 0 
95 3 3 1311 451 9 0 
95 5 5 241 482 10 0 
95 4 2 817 603 11 0 
95 2 2 820 27 14 0 
95 2 2 721 252 15 0 
95 1 1 883 1061 18 0 
95 3 5 288 51 19 0 
95 2 2 541 862 26 0 
95 23 16 644 831 1 1 
95 2 1 581 881 29 0 
96 23 16 643 833 1 0 
96 24 18 563 861 2 0 
96 2 2 910 132 3 0 
96 3 5 242 139 4 0 
96 4 6 1639 209 5 0 
96 3 3 1100 282 6 0 
96 3 3 694 310 7 0 
96 2 2 1102 362 8 0 
96 4 3 1311 451 9 0 
96 5 4 241 482 10 0 
96 4 2 817 603 11 0 
96 2 2 820 27 14 0 
96 2 2 721 252 15 0 
96 1 1 883 1061 18 0 
96 3 5 288 51 19 0 
96 2 1 541 854 26 0 
96 1 1 581 889 29 0 
97 22 16 644 833 1 0 
97 24 18 563 861 2 0 
97 2 2 910 132 3 0 
97 3 5 242 139 4 0 
97 4 6 1639 209 5 0 
97 3 3 1100 282 6 0 
97 3 3 694 310 7 0 
97 2 2 1102 362 8 0 
97 4 4 1311 452 9 0 
97 5 4 242 482 10 0 
97 4 2 817 603 11 0 
97 2 2 820 27 14 0 
97 2 2 721 252 15 0 
97 1 1 883 1061 18 0 
97 3 5 288 51 19 0 
97 1 1 590 886 29 0 
97 1 1 539 845 26 1 
98 23 16 643 833 1 0 
98 24 18 563 861 2 0 
98 2 2 910 132 3 0 
98 3 5 242 139 4 0 
98 4 6 1639 209 5 0 
98 2 3 1099 282 6 0 
98 3 3 694 310 7 0 
98 2 2 1102 362 8 0 
98 3 3 1311 451 9 0 
98 5 4 241 482 10 0 
98 4 2 817 603 11 0 
98 2 2 820 27 14 0 
98 2 2 721 252 15 0 
98 1 1 883 1061 18 0 
98 4 5 289 51 19 0 
98 3 2 548 845 26 0 
99 23 16 643 833 1 0 
99 24 18 563 861 2 0 
99 2 2 910 132 3 0 
99 3 5 242 139 4 0 
99 4 6 1639 209 5 0 
99 3 3 1100 282 6 0 
99 3 3 694 310 7 0 
99 2 2 1102 362 8 0 
99 3 3 1311 451 9 0 
99 5 4 241 482 10 0 
99 4 2 817 603 11 0 
99 2 2 820 27 14 0 
99 2 2 721 252 15 0 
99 1 1 883 1061 18 0 
99 4 5 289 51 19 0 
100 23 16 643 833 1 0 
100 24 18 563 861 2 0 
100 2 2 910 132 3 0 
100 3 5 242 139 4 0 
100 4 6 1639 209 5 0 
100 3 3 1100 282 6 0 
100 3 3 694 310 7 0 
100 2 2 1102 362 8 0 
100 3 3 1311 451 9 0 
100 5 4 241 482 10 0 
100 4 2 817 603 11 0 
100 2 2 820 27 14 0 
100 2 2 721 252 15 0 
100 1 1 883 1061 18 0 
100 3 5 288 51 19 0 
101 22 17 644 832 1 0 
101 24 18 563 861 2 0 
101 2 2 910 132 3 0 
101 3 5 242 139 4 0 
101 4 6 1639 209 5 0 
101 3 3 1100 282 6 0 
101 3 3 694 310 7 0 
101 2 2 1102 362 8 0 
101 3 3 1311 451 9 0 
101 5 4 241 482 10 0 
101 4 2 817 603 11 0 
101 2 2 820 27 14 0 
101 2 2 721 253 15 0 
101 1 1 883 1061 18 0 
101 4 5 289 51 19 0 
102 22 16 644 833 1 0 
102 24 18 563 861 2 0 
102 2 2 910 132 3 0 
102 3 5 242 139 4 0 
102 4 6 1639 209 5 0 
102 3 3 1099 282 6 0 
102 3 3 694 310 7 0 
102 2 2 1102 362 8 0 
102 3 3 1311 451 9 0 
102 5 4 242 482 10 0 
102 4 2 817 603 11 0 
102 2 2 820 27 14 0 
102 2 2 721 253 15 0 
102 1 1 883 1061 18 0 
102 3 5 288 51 19 0 
102 1 2 631 461 30 0 
103 24 16 644 833 1 0 
103 24 17 563 860 2 0 
103 2 2 910 132 3 0 
103 3 5 242 139 4 0 
103 4 6 1639 209 5 0 
103 3 3 1100 282 6 0 
103 3 3 694 310 7 0 
103 2 2 1102 362 8 0 
103 3 3 1311 451 9 0 
103 5 4 241 482 10 0 
103 4 2 817 603 11 0 
103 2 2 820 27 14 0 
103 2 2 721 253 15 0 
103 1 1 883 1061 18 0 
103 3 5 288 51 19 0 
103 1 2 634 467 30 0 
104 23 16 643 833 1 0 
104 24 18 563 861 2 0 
104 2 2 910 132 3 0 
104 3 5 242 139 4 0 
104 4 6 1639 209 5 0 
104 3 3 1100 282 6 0 
104 3 3 694 310 7 0 
104 2 2 1102 362 8 0 
104 3 3 1311 451 9 0 
104 5 4 241 482 10 0 
104 4 2 817 603 11 0 
104 2 2 820 27 14 0 
104 2 2 721 253 15 0 
104 1 1 883 1061 18 0 
104 3 5 288 51 19 0 
104 2 3 636 473 30 0 
105 22 16 644 833 1 0 
105 24 18 563 861 2 0 
105 2 2 910 132 3 0 
105 3 5 242 139 4 0 
105 5 6 1638 209 5 0 
105 3 3 1100 282 6 0 
105 3 3 694 310 7 0 
105 2 2 1103 362 8 0 
105 3 3 1311 451 9 0 
105 5 4 241 482 10 0 
105 4 2 817 603 11 0 
105 2 3 820 28 14 0 
105 2 2 720 253 15 0 
105 2 1 882 1061 18 0 
105 3 5 288 51 19 0 
105 3 3 640 479 30 0 
106 22 16 644 833 1 0 
106 24 16 563 859 2 0 
106 2 2 909 132 3 0 
106 3 5 242 139 4 0 
106 4 6 1639 209 5 0 
106 3 3 1100 282 6 0 
106 3 3 694 310 7 0 
106 2 2 1102 361 8 0 
106 3 3 1311 451 9 0 
106 5 4 241 482 10 0 
106 4 2 817 604 11 0 
106 2 2 820 27 14 0 
106 2 2 721 253 15 0 
106 1 1 883 1061 18 0 
106 3 5 288 51 19 0 
106 2 3 642 484 30 0 
107 24 15 643 832 1 0 
107 24 16 563 859 2 0 
107 2 2 910 132 3 0 
107 3 5 242 139 4 0 
107 4 6 1639 209 5 0 
107 3 3 1100 282 6 0 
107 3 3 694 310 7 0 
107 2 2 1102 362 8 0 
107 3 3 1311 451 9 0 
107 5 4 241 482 10 0 
107 4 2 817 603 11 0 
107 2 2 820 27 14 0 
107 3 2 719 253 15 0 
107 1 1 883 1061 18 0 
107 3 5 288 51 19 0 
107 2 2 645 490 30 0 
108 23 15 643 832 1 0 
108 24 16 563 859 2 0 
108 2 2 909 132 3 0 
108 3 5 242 139 4 0 
108 4 6 1639 209 5 0 
108 3 3 1100 282 6 0 
108 3 3 694 310 7 0 
108 2 2 1102 362 8 0 
108 3 3 1311 451 9 0 
108 6 4 241 482 10 0 
108 5 2 817 603 11 0 
108 2 2 820 27 14 0 
108 2 2 721 253 15 0 
108 1 1 883 1061 18 0 
108 3 5 288 51 19 0 
108 1 1 646 494 30 0 
108 4 3 572 877 31 0 
109 22 16 642 833 1 0 
109 24 16 563 859 2 0 
109 2 2 910 132 3 0 
109 5 5 241 139 4 0 
109 4 6 1639 209 5 0 
109 3 3 1100 282 6 0 
109 4 3 694 310 7 0 
109 2 2 1102 362 8 0 
109 4 3 1311 451 9 0 
109 5 4 242 482 10 0 
109 5 2 817 603 11 0 
109 3 2 820 27 14 0 
109 2 2 721 253 15 0 
109 1 1 883 1061 18 0 
109 3 5 288 51 19 0 
109 3 4 579 879 31 0 
110 23 16 645 833 1 0 
110 24 16 563 859 2 0 
110 2 2 910 132 3 0 
110 4 5 241 139 4 0 
110 5 6 1639 209 5 0 
110 3 3 1100 282 6 0 
110 4 3 694 310 7 0 
110 2 2 1102 362 8 0 
110 4 3 1311 451 9 0 
110 5 4 242 482 10 0 
110 4 2 817 603 11 0 
110 3 2 820 27 14 0 
110 2 2 721 253 15 0 
110 1 1 883 1061 18 0 
110 4 5 288 51 19 0 
110 1 1 586 876 31 0 
110 1 3 573 428 32 0 
111 22 16 642 833 1 0 
111 24 16 563 859 2 0 
111 2 2 909 132 3 0 
111 4 5 241 139 4 0 
111 5 6 1639 209 5 0 
111 3 3 1100 282 6 0 
111 4 3 694 309 7 0 
111 2 2 1102 362 8 0 
111 3 3 1311 451 9 0 
111 5 4 242 482 10 0 
111 4 2 817 603 11 0 
111 2 2 820 27 14 0 
111 3 2 720 252 15 0 
111 1 1 883 1061 18 0 
111 3 5 288 51 19 0 
111 2 3 575 434 32 0 
111 2 2 469 108 33 0 
112 24 16 644 833 1 0 
112 24 16 563 859 2 0 
112 2 2 910 132 3 0 
112 5 6 240 138 4 0 
112 5 6 1639 209 5 0 
112 4 3 1099 282 6 0 
112 4 3 693 310 7 0 
112 2 2 1102 362 8 0 
112 3 3 1311 451 9 0 
112 6 4 240 482 10 0 
112 4 2 817 603 11 0 
112 2 3 820 27 14 0 
112 2 2 721 253 15 0 
112 1 1 883 1061 18 0 
112 4 5 287 50 19 0 
112 2 3 578 440 32 0 
112 2 3 471 114 33 0 
113 21 17 643 833 1 0 
113 24 16 563 859 2 0 
113 3 2 909 132 3 0 
113 3 5 242 139 4 0 
113 5 6 1639 209 5 0 
113 3 3 1100 282 6 0 
113 4 3 693 309 7 0 
113 2 2 1102 362 8 0 
113 4 3 1311 451 9 0 
113 5 4 241 482 10 0 
113 4 2 817 603 11 0 
113 3 2 820 27 14 0 
113 2 2 720 253 15 0 
113 1 1 883 1061 18 0 
113 3 5 288 51 19 0 
113 2 3 580 446 32 0 
113 2 3 474 120 33 0 
114 22 17 642 834 1 0 
114 24 16 563 859 2 0 
114 2 2 910 132 3 0 
114 4 5 241 139 4 0 
114 4 6 1639 209 5 0 
114 3 3 1100 282 6 0 
114 3 3 694 310 7 0 
114 2 2 1102 362 8 0 
114 3 3 1311 451 9 0 
114 5 4 242 482 10 0 
114 4 2 817 603 11 0 
114 2 2 820 27 14 0 
114 2 2 720 252 15 0 
114 1 1 883 1061 18 0 
114 4 5 288 50 19 0 
114 2 3 583 452 32 0 
114 2 3 476 126 33 0 
115 22 17 642 834 1 0 
115 24 16 563 859 2 0 
115 2 2 909 132 3 0 
115 3 5 242 139 4 0 
115 4 6 1639 209 5 0 
115 3 2 1100 281 6 0 
115 3 3 694 310 7 0 
115 3 2 1102 362 8 0 
115 3 3 1311 451 9 0 
115 5 4 242 482 10 0 
115 4 2 817 603 11 0 
115 2 2 820 27 14 0 
115 2 2 721 253 15 0 
115 1 1 883 1061 18 0 
115 4 5 288 51 19 0 
115 4 4 586 459 32 0 
115 3 4 479 133 33 0 
116 22 16 642 833 1 0 
116 24 19 563 862 2 0 
116 2 2 910 132 3 0 
116 3 5 242 139 4 0 
116 4 6 1639 209 5 0 
116 3 3 1100 282 6 0 
116 3 3 694 310 7 0 
116 2 2 1102 362 8 0 
116 3 3 1312 451 9 0 
116 5 4 242 482 10 0 
116 4 2 817 603 11 0 
116 2 3 820 27 14 0 
116 2 2 721 253 15 0 
116 1 1 883 1061 18 0 
116 3 5 288 51 19 0 
116 4 3 588 464 32 0 
116 3 3 483 139 33 0 
117 23 16 643 833 1 0 
117 24 15 563 858 2 0 
117 2 2 910 132 3 0 
117 5 5 241 139 4 0 
117 4 6 1639 209 5 0 
117 3 3 1100 282 6 0 
117 3 3 694 310 7 0 
117 2 2 1102 362 8 0 
117 3 3 1311 451 9 0 
117 5 4 242 482 10 0 
117 4 2 817 604 11 0 
117 2 2 820 27 14 0 
117 2 2 721 253 15 0 
117 1 1 883 1061 18 0 
117 3 5 288 51 19 0 
117 4 4 592 470 32 0 
117 3 4 486 145 33 0 
117 1 1 647 814 34 0 
118 24 16 644 833 1 0 
118 24 15 563 858 2 0 
118 2 2 910 132 3 0 
118 3 5 242 139 4 0 
118 4 6 1639 209 5 0 
118 3 3 1100 282 6 0 
118 3 3 694 310 7 0 
118 2 2 1102 362 8 0 
118 4 4 1312 451 9 0 
118 5 4 241 482 10 0 
118 4 2 817 603 11 0 
118 2 2 820 27 14 0 
118 2 2 721 253 15 0 
118 1 1 883 1061 18 0 
118 3 5 288 51 19 0 
118 5 4 594 476 32 0 
118 1 1 489 150 33 0 
118 2 1 654 815 34 0 
119 22 16 644 833 1 0 
119 24 16 563 859 2 0 
119 2 2 910 132 3 0 
119 3 5 242 139 4 0 
119 4 6 1639 209 5 0 
119 3 3 1100 282 6 0 
119 3 3 694 310 7 0 
119 2 2 1102 362 8 0 
119 3 3 1311 451 9 0 
119 5 4 242 482 10 0 
119 4 2 817 603 11 0 
119 2 2 820 27 14 0 
119 2 2 721 253 15 0 
119 1 1 883 1061 18 0 
119 3 5 288 51 19 0 
119 5 4 598 484 32 0 
119 4 3 656 820 34 0 
120 24 16 644 833 1 0 
120 24 15 563 858 2 0 
120 2 2 910 132 3 0 
120 3 5 242 139 4 0 
120 4 6 1639 209 5 0 
120 3 3 1100 282 6 0 
120 3 3 694 310 7 0 
120 2 2 1102 362 8 0 
120 3 3 1311 451 9 0 
120 5 4 242 482 10 0 
120 4 2 817 603 11 0 
120 2 2 820 27 14 0 
120 2 2 721 253 15 0 
120 1 1 883 1061 18 0 
120 3 5 289 51 19 0 
120 3 3 600 490 32 0 
121 24 16 644 833 1 0 
121 24 16 563 859 2 0 
121 2 2 910 132 3 0 
121 3 5 242 139 4 0 
121 4 6 1639 209 5 0 
121 3 3 1100 282 6 0 
121 3 3 694 310 7 0 
121 2 2 1102 362 8 0 
121 3 3 1311 451 9 0 
121 5 4 242 482 10 0 
121 4 2 817 603 11 0 
121 2 2 820 27 14 0 
121 2 2 721 253 15 0 
121 1 1 883 1061 18 0 
121 3 5 288 51 19 0 
121 3 4 604 495 32 0 
121 1 1 1044 224 35 0 
122 22 16 642 833 1 0 
122 24 18 563 861 2 0 
122 2 2 910 132 3 0 
122 3 5 242 139 4 0 
122 4 6 1639 209 5 0 
122 3 3 1100 282 6 0 
122 3 3 694 310 7 0 
122 2 2 1102 362 8 0 
122 3 3 1311 451 9 0 
122 5 4 242 482 10 0 
122 4 2 817 603 11 0 
122 2 2 820 27 14 0 
122 2 2 721 253 15 0 
122 1 1 883 1061 18 0 
122 3 5 288 51 19 0 
122 3 4 606 502 32 0 
122 2 1 1049 229 35 0 
123 23 17 643 834 1 0 
123 25 18 564 861 2 0 
123 2 2 910 132 3 0 
123 3 5 242 139 4 0 
123 4 6 1639 209 5 0 
123 3 3 1100 282 6 0 
123 3 3 694 310 7 0 
123 2 2 1102 362 8 0 
123 3 3 1311 451 9 0 
123 5 4 242 482 10 0 
123 4 2 817 603 11 0 
123 2 2 820 27 14 0 
123 2 2 721 253 15 0 
123 1 1 883 1061 18 0 
123 3 5 288 51 19 0 
123 2 3 610 507 32 0 
123 1 1 1053 234 35 0 
124 23 16 643 833 1 0 
124 24 18 563 861 2 0 
124 2 2 910 132 3 0 
124 3 5 242 139 4 0 
124 4 6 1639 209 5 0 
124 3 3 1100 282 6 0 
124 3 3 694 310 7 0 
124 2 2 1102 362 8 0 
124 3 3 1311 451 9 0 
124 5 4 242 482 10 0 
124 4 2 817 603 11 0 
124 2 2 820 27 14 0 
124 2 2 721 253 15 0 
124 1 1 883 1061 18 0 
124 3 5 288 51 19 0 
124 3 3 612 512 32 0 
125 25 16 642 833 1 0 
125 24 18 563 861 2 0 
125 2 2 910 132 3 0 
125 3 5 242 139 4 0 
125 4 6 1639 209 5 0 
125 3 3 1100 282 6 0 
125 3 3 694 310 7 0 
125 2 2 1102 362 8 0 
125 3 3 1311 451 9 0 
125 5 4 242 482 10 0 
125 4 2 817 603 11 0 
125 2 2 820 27 14 0 
125 2 2 721 253 15 0 
125 1 1 883 1061 18 0 
125 3 5 288 51 19 0 
125 2 2 613 515 32 0 
126 23 16 643 833 1 0 
126 24 16 563 859 2 0 
126 2 2 910 132 3 0 
126 3 5 242 139 4 0 
126 4 6 1639 209 5 0 
126 3 3 1100 282 6 0 
126 3 3 694 310 7 0 
126 2 2 1102 362 8 0 
126 3 3 1311 451 9 0 
126 5 4 242 482 10 0 
126 4 2 817 603 11 0 
126 2 2 820 27 14 0 
126 2 2 721 253 15 0 
126 1 1 883 1061 18 0 
126 3 5 288 51 19 0 
126 1 1 615 519 32 0 
127 23 16 643 833 1 0 
127 24 18 563 861 2 0 
127 2 2 910 132 3 0 
127 3 5 242 139 4 0 
127 4 6 1639 209 5 0 
127 3 3 1100 282 6 0 
127 3 3 694 310 7 0 
127 2 2 1102 362 8 0 
127 3 3 1311 451 9 0 
127 5 4 242 482 10 0 
127 4 2 817 603 11 0 
127 2 2 820 27 14 0 
127 2 2 720 252 15 0 
127 1 1 883 1061 18 0 
127 3 5 288 51 19 0 
127 1 2 796 541 36 0 
128 23 16 643 833 1 0 
128 24 16 563 859 2 0 
128 2 2 910 132 3 0 
128 3 5 242 139 4 0 
128 4 6 1639 209 5 0 
128 3 3 1100 282 6 0 
128 3 3 694 310 7 0 
128 2 2 1102 362 8 0 
128 3 3 1311 451 9 0 
128 5 4 242 482 10 0 
128 4 2 817 603 11 0 
128 2 2 820 27 14 0 
128 2 2 721 253 15 0 
128 1 1 883 1061 18 0 
128 3 5 289 51 19 0 
128 2 1 800 548 36 0 
129 23 16 643 832 1 0 
129 24 14 563 860 2 0 
129 2 2 910 132 3 0 
129 3 5 242 139 4 0 
129 4 6 1639 209 5 0 
129 3 2 1100 281 6 0 
129 3 3 694 310 7 0 
129 2 2 1102 362 8 0 
129 3 3 1311 451 9 0 
129 5 4 241 482 10 0 
129 4 2 817 603 11 0 
129 2 2 820 27 14 0 
129 2 2 721 253 15 0 
129 1 1 883 1061 18 0 
129 4 5 289 51 19 0 
129 1 2 802 553 36 0 
129 1 2 794 538 37 0 
130 23 16 644 833 1 0 
130 24 16 563 859 2 0 
130 2 2 909 132 3 0 
130 3 5 242 139 4 0 
130 4 6 1639 209 5 0 
130 3 3 1100 282 6 0 
130 3 3 694 310 7 0 
130 2 2 1102 362 8 0 
130 3 3 1311 451 9 0 
130 5 4 241 482 10 0 
130 4 2 817 603 11 0 
130 2 2 820 27 14 0 
130 2 2 721 253 15 0 
130 3 3 878 1061 18 0 
130 4 5 289 51 19 0 
130 1 2 797 543 37 0 
130 1 1 881 1010 38 0 
131 23 16 643 833 1 0 
131 23 16 562 859 2 0 
131 2 2 910 132 3 0 
131 3 5 242 139 4 0 
131 4 6 1639 209 5 0 
131 3 3 1100 282 6 0 
131 3 3 694 310 7 0 
131 2 2 1102 362 8 0 
131 3 3 1311 451 9 0 
131 5 4 242 482 10 0 
131 4 2 817 603 11 0 
131 2 2 820 27 14 0 
131 2 2 721 253 15 0 
131 1 1 883 1061 18 0 
131 3 5 288 51 19 0 
131 2 1 800 547 37 0 
131 1 1 879 1003 38 0 
132 23 16 643 833 1 0 
132 24 16 563 859 2 0 
132 2 2 910 132 3 0 
132 3 5 242 139 4 0 
132 4 6 1639 209 5 0 
132 3 3 1100 282 6 0 
132 3 3 694 310 7 0 
132 2 2 1102 362 8 0 
132 3 3 1311 451 9 0 
132 5 4 242 482 10 0 
132 4 2 817 603 11 0 
132 2 2 820 27 14 0 
132 2 2 721 253 15 0 
132 1 1 883 1061 18 0 
132 4 5 289 51 19 0 
132 2 0 888 1002 38 0 
133 24 16 644 832 1 0 
133 24 16 563 859 2 0 
133 2 2 910 132 3 0 
133 4 5 242 139 4 0 
133 4 6 1639 209 5 0 
133 3 3 1100 282 6 0 
133 3 3 694 310 7 0 
133 2 2 1102 362 8 0 
133 3 3 1311 451 9 0 
133 5 4 242 482 10 0 
133 4 2 817 603 11 0 
133 2 2 820 27 14 0 
133 2 2 721 253 15 0 
133 4 5 288 51 19 0 
133 1 1 893 1010 38 0 
133 1 1 400 411 39 0 
133 1 1 883 1061 18 1 
134 24 16 644 833 1 0 
134 24 16 563 859 2 0 
134 2 2 910 132 3 0 
134 3 5 242 139 4 0 
134 5 6 1639 209 5 0 
134 3 3 1100 282 6 0 
134 3 3 694 310 7 0 
134 2 2 1102 362 8 0 
134 3 3 1311 451 9 0 
134 5 4 241 482 10 0 
134 4 2 817 603 11 0 
134 2 2 820 27 14 0 
134 2 2 721 253 15 0 
134 3 5 288 51 19 0 
134 1 1 402 415 39 0 
134 1 1 550 397 40 0 
134 1 1 570 536 41 0 
134 1 1 883 1061 18 1 
134 0 0 897 1016 38 1 
135 23 16 643 833 1 0 
135 24 16 563 859 2 0 
135 2 2 910 132 3 0 
135 3 5 242 139 4 0 
135 4 6 1639 209 5 0 
135 3 3 1100 282 6 0 
135 3 3 694 310 7 0 
135 2 2 1102 362 8 0 
135 3 3 1311 451 9 0 
135 5 4 241 482 10 0 
135 4 2 817 603 11 0 
135 2 3 820 27 14 0 
135 2 2 721 253 15 0 
135 3 5 288 51 19 0 
135 2 3 404 422 39 0 
135 2 3 553 403 40 0 
135 1 2 572 542 41 0 
135 1 1 882 1062 18 1 
135 0 0 900 1024 38 1 
136 23 16 643 833 1 0 
136 24 18 563 861 2 0 
136 2 2 910 132 3 0 
136 3 5 242 139 4 0 
136 4 6 1639 209 5 0 
136 3 3 1100 282 6 0 
136 3 3 694 310 7 0 
136 2 2 1102 362 8 0 
136 3 4 1311 452 9 0 
136 5 4 241 482 10 0 
136 4 2 817 603 11 0 
136 2 2 820 27 14 0 
136 2 2 721 253 15 0 
136 4 2 879 1060 18 0 
136 3 5 288 51 19 0 
136 2 3 406 428 39 0 
136 2 3 554 409 40 0 
136 1 2 575 548 41 0 
136 0 0 907 1031 38 1 
136 2 3 709 536 42 0 
136 4 3 656 820 43 0 
137 23 16 643 833 1 0 
137 24 16 563 859 2 0 
137 2 2 910 132 3 0 
137 3 5 242 139 4 0 
137 4 6 1639 209 5 0 
137 3 3 1100 282 6 0 
137 3 3 694 310 7 0 
137 2 2 1102 362 8 0 
137 3 3 1311 451 9 0 
137 5 4 241 482 10 0 
137 4 2 817 603 11 0 
137 2 2 820 27 14 0 
137 2 2 721 253 15 0 
137 3 2 878 1059 18 0 
137 3 5 288 51 19 0 
137 1 1 900 1036 38 0 
137 3 4 408 434 39 0 
137 3 3 557 415 40 0 
137 1 1 577 553 41 0 
137 1 2 711 541 42 0 
137 1 1 662 815 43 0 
138 24 16 644 833 1 0 
138 24 16 563 859 2 0 
138 2 2 910 131 3 0 
138 3 5 242 139 4 0 
138 4 6 1639 209 5 0 
138 3 3 1100 282 6 0 
138 3 3 694 310 7 0 
138 2 2 1102 362 8 0 
138 3 3 1311 451 9 0 
138 5 4 241 482 10 0 
138 4 2 817 603 11 0 
138 2 2 820 27 14 0 
138 2 2 721 253 15 0 
138 4 2 879 1060 18 0 
138 3 5 288 51 19 0 
138 2 4 412 441 39 0 
138 3 3 560 421 40 0 
138 1 1 714 547 42 0 
138 4 3 656 820 43 0 
138 0 0 891 1040 38 1 
139 24 16 644 833 1 0 
139 24 16 563 859 2 0 
139 2 2 910 132 3 0 
139 3 5 242 139 4 0 
139 4 6 1639 209 5 0 
139 3 3 1100 282 6 0 
139 3 3 694 310 7 0 
139 2 2 1103 362 8 0 
139 3 3 1311 451 9 0 
139 5 4 241 482 10 0 
139 4 2 817 603 11 0 
139 2 2 820 27 14 0 
139 2 2 721 253 15 0 
139 4 2 879 1060 18 0 
139 3 5 288 51 19 0 
139 1 1 884 1037 38 0 
139 3 3 412 447 39 0 
139 3 4 563 428 40 0 
139 2 3 553 430 44 0 
139 1 1 712 558 45 0 
140 23 16 643 833 1 0 
140 24 16 563 859 2 0 
140 2 2 910 132 3 0 
140 3 5 242 139 4 0 
140 4 6 1639 209 5 0 
140 3 3 1100 282 6 0 
140 3 3 694 310 7 0 
140 2 2 1102 362 8 0 
140 3 3 1311 451 9 0 
140 5 4 241 482 10 0 
140 4 2 817 603 11 0 
140 2 2 820 27 14 0 
140 2 2 721 253 15 0 
140 4 2 879 1060 18 0 
140 3 5 288 51 19 0 
140 1 4 415 454 39 0 
140 3 3 566 434 40 0 
140 3 3 556 436 44 0 
140 2 2 715 564 45 0 
140 0 0 876 1033 38 1 
140 1 2 560 543 46 0 
141 24 16 644 833 1 0 
141 24 16 563 859 2 0 
141 2 2 910 132 3 0 
141 3 5 242 139 4 0 
141 4 6 1639 209 5 0 
141 3 3 1100 282 6 0 
141 3 3 694 310 7 0 
141 2 2 1102 362 8 0 
141 3 3 1311 451 9 0 
141 5 4 241 482 10 0 
141 4 2 817 603 11 0 
141 2 2 820 27 14 0 
141 2 2 721 253 15 0 
141 4 2 879 1060 18 0 
141 3 5 288 51 19 0 
141 0 1 877 1030 38 0 
141 1 1 417 458 39 0 
141 3 4 568 440 40 0 
141 2 3 559 442 44 0 
141 2 3 717 569 45 0 
141 2 2 564 549 46 0 
142 25 16 642 832 1 0 
142 24 16 563 859 2 0 
142 2 2 910 132 3 0 
142 3 5 242 139 4 0 
142 4 6 1639 209 5 0 
142 3 3 1100 282 6 0 
142 3 3 694 310 7 0 
142 2 2 1102 362 8 0 
142 3 3 1311 451 9 0 
142 5 4 241 482 10 0 
142 4 2 817 603 11 0 
142 2 2 820 27 14 0 
142 2 2 721 253 15 0 
142 4 2 879 1060 18 0 
142 3 5 288 51 19 0 
142 1 3 572 448 40 0 
142 2 3 561 448 44 0 
142 1 2 720 576 45 0 
142 2 2 566 555 46 0 
143 24 16 644 833 1 0 
143 24 16 563 859 2 0 
143 2 2 910 132 3 0 
143 3 5 242 139 4 0 
143 4 6 1639 209 5 0 
143 3 3 1100 282 6 0 
143 3 3 694 310 7 0 
143 2 2 1102 362 8 0 
143 3 3 1311 451 9 0 
143 5 4 241 482 10 0 
143 4 2 817 603 11 0 
143 2 2 820 27 14 0 
143 2 2 721 253 15 0 
143 1 1 879 1058 18 0 
143 3 5 288 51 19 0 
143 1 1 575 454 40 0 
143 2 3 564 453 44 0 
143 2 3 567 561 46 0 
144 24 16 644 833 1 0 
144 24 15 563 860 2 0 
144 2 2 910 132 3 0 
144 3 5 242 139 4 0 
144 4 6 1639 209 5 0 
144 3 3 1100 282 6 0 
144 3 3 694 310 7 0 
144 2 2 1103 362 8 0 
144 3 3 1311 451 9 0 
144 5 4 241 482 10 0 
144 4 2 817 603 11 0 
144 2 2 820 27 14 0 
144 2 2 721 253 15 0 
144 4 2 879 1060 18 0 
144 3 5 288 51 19 0 
144 2 4 567 460 44 0 
144 3 3 569 567 46 0 
145 24 16 644 833 1 0 
145 24 16 563 859 2 0 
145 2 2 910 132 3 0 
145 4 5 242 139 4 0 
145 4 6 1639 209 5 0 
145 3 3 1100 282 6 0 
145 3 3 694 310 7 0 
145 2 2 1102 362 8 0 
145 3 3 1311 451 9 0 
145 6 4 241 482 10 0 
145 4 2 817 603 11 0 
145 2 2 820 27 14 0 
145 2 2 721 253 15 0 
145 4 2 879 1060 18 0 
145 3 5 288 51 19 0 
145 2 3 573 572 46 0 
146 24 16 644 833 1 0 
146 23 16 562 859 2 0 
146 2 2 910 132 3 0 
146 3 5 242 139 4 0 
146 4 6 1639 209 5 0 
146 3 3 1100 282 6 0 
146 3 3 694 310 7 0 
146 2 2 1102 362 8 0 
146 3 3 1311 451 9 0 
146 5 4 241 482 10 0 
146 4 2 817 603 11 0 
146 2 2 820 27 14 0 
146 2 2 721 253 15 0 
146 3 2 878 1059 18 0 
146 3 5 288 51 19 0 
146 2 2 576 577 46 0 
146 1 1 806 543 47 0 
147 24 16 644 833 1 0 
147 26 16 565 859 2 0 
147 2 2 910 132 3 0 
147 3 5 242 139 4 0 
147 4 6 1639 209 5 0 
147 3 3 1100 282 6 0 
147 3 3 694 310 7 0 
147 2 2 1102 362 8 0 
147 3 3 1311 451 9 0 
147 5 4 241 482 10 0 
147 4 2 817 603 11 0 
147 2 2 820 27 14 0 
147 2 2 721 253 15 0 
147 4 2 879 1060 18 0 
147 3 5 288 51 19 0 
147 2 4 578 585 46 0 
147 1 2 809 549 47 0 
148 24 16 644 833 1 0 
148 24 16 563 859 2 0 
148 2 2 910 132 3 0 
148 3 5 242 139 4 0 
148 4 6 1639 209 5 0 
148 3 3 1100 282 6 0 
148 3 3 694 310 7 0 
148 2 2 1102 362 8 0 
148 3 3 1311 451 9 0 
148 5 4 241 482 10 0 
148 4 2 817 603 11 0 
148 2 2 820 27 14 0 
148 2 2 721 253 15 0 
148 4 2 879 1060 18 0 
148 3 5 288 51 19 0 
148 2 2 582 592 46 0 
148 1 1 811 553 47 0 
149 24 17 644 832 1 0 
149 24 16 563 859 2 0 
149 2 2 910 132 3 0 
149 3 5 242 139 4 0 
149 4 6 1639 209 5 0 
149 3 3 1100 282 6 0 
149 3 3 694 310 7 0 
149 2 2 1102 362 8 0 
149 3 3 1311 451 9 0 
149 5 4 241 482 10 0 
149 4 2 817 603 11 0 
149 2 2 820 27 14 0 
149 2 2 721 253 15 0 
149 4 2 879 1060 18 0 
149 3 5 288 51 19 0 
149 2 2 584 597 46 0 
149 1 1 813 557 47 0 
149 1 1 679 1187 54 0 
150 24 17 644 832 1 0 
150 25 16 564 858 2 0 
150 2 2 910 132 3 0 
150 3 5 242 139 4 0 
150 4 6 1639 209 5 0 
150 3 3 1100 282 6 0 
150 3 3 694 310 7 0 
150 2 2 1102 362 8 0 
150 3 3 1311 451 9 0 
150 5 4 241 482 10 0 
150 4 2 817 603 11 0 
150 2 2 820 27 14 0 
150 2 2 721 253 15 0 
150 4 2 879 1060 18 0 
150 3 5 288 51 19 0 
150 1 1 586 604 46 0 
150 1 1 679 1187 54 0 
151 24 16 644 833 1 0 
151 24 16 563 859 2 0 
151 2 2 910 132 3 0 
151 3 5 242 139 4 0 
151 4 6 1639 209 5 0 
151 3 3 1100 282 6 0 
151 3 3 694 310 7 0 
151 2 2 1102 362 8 0 
151 3 3 1311 451 9 0 
151 5 4 241 482 10 0 
151 4 2 817 603 11 0 
151 2 2 820 27 14 0 
151 2 2 721 253 15 0 
151 4 2 879 1060 18 0 
151 3 5 288 51 19 0 
151 1 1 679 1187 54 0 
152 24 16 644 833 1 0 
152 24 19 563 862 2 0 
152 2 2 910 132 3 0 
152 3 5 242 139 4 0 
152 4 6 1639 209 5 0 
152 3 3 1100 282 6 0 
152 3 3 694 310 7 0 
152 2 2 1102 362 8 0 
152 3 3 1311 451 9 0 
152 5 4 241 482 10 0 
152 4 2 817 603 11 0 
152 2 2 820 27 14 0 
152 2 2 721 253 15 0 
152 4 2 879 1060 18 0 
152 3 5 288 51 19 0 
152 1 1 980 1062 48 0 
152 1 1 679 1187 54 0 
153 24 16 644 833 1 0 
153 24 16 563 859 2 0 
153 2 2 910 132 3 0 
153 3 5 242 139 4 0 
153 4 6 1639 209 5 0 
153 3 3 1100 282 6 0 
153 3 3 694 310 7 0 
153 2 2 1102 362 8 0 
153 3 3 1311 451 9 0 
153 5 4 241 482 10 0 
153 4 2 817 603 11 0 
153 2 2 820 27 14 0 
153 2 2 721 253 15 0 
153 4 3 879 1059 18 0 
153 3 5 288 51 19 0 
153 1 1 986 1062 48 0 
153 1 1 575 851 49 0 
153 1 1 679 1187 54 0 
154 24 16 644 833 1 0 
154 24 16 563 858 2 0 
154 2 2 910 132 3 0 
154 3 5 242 139 4 0 
154 4 6 1639 209 5 0 
154 3 3 1100 282 6 0 
154 3 3 694 310 7 0 
154 2 2 1102 362 8 0 
154 3 3 1311 451 9 0 
154 5 4 241 482 10 0 
154 4 2 817 603 11 0 
154 2 2 820 27 14 0 
154 2 2 721 253 15 0 
154 4 2 879 1060 18 0 
154 3 5 288 51 19 0 
154 0 2 988 1069 48 0 
154 1 1 566 846 49 0 
154 1 1 679 1187 54 0 
155 24 16 644 833 1 0 
155 24 15 563 860 2 0 
155 2 2 910 132 3 0 
155 3 5 242 139 4 0 
155 4 6 1639 209 5 0 
155 3 3 1100 282 6 0 
155 3 3 694 310 7 0 
155 2 2 1102 362 8 0 
155 3 3 1311 451 9 0 
155 5 4 241 482 10 0 
155 4 2 817 603 11 0 
155 2 2 820 27 14 0 
155 2 2 721 253 15 0 
155 4 2 879 1060 18 0 
155 3 5 288 51 19 0 
155 4 2 575 851 49 0 
155 1 1 679 1187 54 0 
156 23 16 643 833 1 0 
156 24 16 562 859 2 0 
156 2 2 910 132 3 0 
156 4 5 243 139 4 0 
156 4 6 1639 209 5 0 
156 3 3 1100 282 6 0 
156 3 3 694 310 7 0 
156 2 2 1102 362 8 0 
156 3 3 1311 451 9 0 
156 5 4 241 482 10 0 
156 4 2 817 603 11 0 
156 2 2 820 27 14 0 
156 2 2 721 253 15 0 
156 3 5 288 51 19 0 
156 1 1 572 851 49 0 
156 1 2 337 304 50 0 
156 2 3 606 356 51 0 
156 4 1 878 1059 18 1 
156 1 1 679 1187 54 0 
156 4 4 557 872 58 0 
157 24 16 644 833 1 0 
157 24 16 563 859 2 0 
157 2 2 910 132 3 0 
157 3 5 242 139 4 0 
157 4 6 1639 209 5 0 
157 3 3 1100 282 6 0 
157 3 3 694 310 7 0 
157 2 2 1102 362 8 0 
157 3 3 1311 451 9 0 
157 5 4 241 482 10 0 
157 4 2 817 603 11 0 
157 2 2 820 27 14 0 
157 2 2 721 253 15 0 
157 3 5 288 51 19 0 
157 1 2 338 310 50 0 
157 3 3 608 363 51 0 
157 4 1 878 1059 18 1 
157 1 1 455 505 52 0 
157 1 1 679 1187 54 0 
157 3 4 556 872 58 0 
158 23 16 645 833 1 0 
158 24 16 563 859 2 0 
158 2 2 910 132 3 0 
158 3 5 242 139 4 0 
158 4 6 1639 209 5 0 
158 3 3 1100 282 6 0 
158 3 3 694 310 7 0 
158 2 2 1102 362 8 0 
158 3 3 1311 451 9 0 
158 5 4 241 482 10 0 
158 4 2 817 603 11 0 
158 2 2 820 27 14 0 
158 2 2 721 253 15 0 
158 4 2 879 1060 18 0 
158 3 5 288 51 19 0 
158 1 2 341 317 50 0 
158 2 3 611 368 51 0 
158 1 2 458 512 52 0 
158 1 1 679 1187 54 0 
158 3 4 556 872 58 0 
159 24 18 644 831 1 0 
159 24 15 563 859 2 0 
159 2 2 910 132 3 0 
159 3 5 242 139 4 0 
159 4 6 1639 209 5 0 
159 3 3 1100 282 6 0 
159 3 3 694 310 7 0 
159 2 2 1102 362 8 0 
159 3 3 1311 451 9 0 
159 5 4 241 482 10 0 
159 4 2 817 603 11 0 
159 2 2 820 27 14 0 
159 2 2 721 253 15 0 
159 4 2 879 1060 18 0 
159 3 5 288 51 19 0 
159 3 4 613 374 51 0 
159 2 3 460 517 52 0 
159 1 1 679 1187 54 0 
159 3 4 556 872 58 0 
160 24 16 644 833 1 0 
160 23 16 562 859 2 0 
160 2 2 910 132 3 0 
160 3 5 242 139 4 0 
160 4 6 1639 209 5 0 
160 2 3 1099 282 6 0 
160 3 3 694 310 7 0 
160 2 2 1102 362 8 0 
160 3 3 1311 451 9 0 
160 5 4 241 482 10 0 
160 4 2 817 603 11 0 
160 2 2 820 27 14 0 
160 2 2 721 253 15 0 
160 4 2 879 1060 18 0 
160 3 5 288 51 19 0 
160 2 3 617 381 51 0 
160 2 3 462 522 52 0 
160 1 2 691 592 53 0 
160 1 1 679 1187 54 0 
160 3 4 556 872 58 0 
161 24 16 644 833 1 0 
161 22 15 561 859 2 0 
161 2 2 910 132 3 0 
161 3 5 242 139 4 0 
161 4 6 1639 209 5 0 
161 3 3 1100 282 6 0 
161 3 3 694 309 7 0 
161 2 2 1102 362 8 0 
161 3 3 1311 451 9 0 
161 5 4 241 482 10 0 
161 4 2 817 603 11 0 
161 2 2 820 27 14 0 
161 2 2 721 253 15 0 
161 1 2 882 1060 18 0 
161 3 5 288 51 19 0 
161 3 4 620 387 51 0 
161 1 1 464 527 52 0 
161 1 1 693 597 53 0 
161 1 1 679 1187 54 0 
161 3 4 556 872 58 0 
162 24 16 644 832 1 0 
162 24 16 562 859 2 0 
162 2 2 910 132 3 0 
162 3 5 242 139 4 0 
162 4 6 1639 209 5 0 
162 3 3 1100 282 6 0 
162 3 3 694 309 7 0 
162 2 2 1102 362 8 0 
162 3 3 1311 451 9 0 
162 5 4 241 482 10 0 
162 4 2 817 603 11 0 
162 2 2 820 27 14 0 
162 2 2 721 253 15 0 
162 4 2 879 1060 18 0 
162 3 5 288 51 19 0 
162 3 5 624 395 51 0 
162 1 1 465 532 52 0 
162 1 2 696 603 53 0 
162 1 1 679 1187 54 0 
162 3 4 556 872 58 0 
162 5 3 572 877 61 0 
163 24 16 563 859 2 0 
163 2 2 910 132 3 0 
163 3 5 242 139 4 0 
163 4 6 1639 209 5 0 
163 3 3 1100 282 6 0 
163 3 3 694 309 7 0 
163 2 2 1102 362 8 0 
163 3 3 1311 451 9 0 
163 5 4 241 482 10 0 
163 4 2 817 603 11 0 
163 2 2 820 27 14 0 
163 2 2 721 253 15 0 
163 4 2 879 1060 18 0 
163 3 5 288 51 19 0 
163 2 3 628 402 51 0 
163 1 2 699 609 53 0 
163 1 1 679 1187 54 0 
163 23 16 644 832 1 1 
163 3 4 556 872 58 0 
163 6 3 569 877 61 0 
164 24 16 644 832 1 0 
164 24 16 562 859 2 0 
164 2 2 910 132 3 0 
164 3 5 242 139 4 0 
164 4 6 1639 209 5 0 
164 3 3 1100 282 6 0 
164 3 3 694 309 7 0 
164 2 2 1102 362 8 0 
164 3 3 1311 451 9 0 
164 5 4 241 482 10 0 
164 4 2 817 603 11 0 
164 2 2 820 27 14 0 
164 2 2 721 253 15 0 
164 4 2 879 1060 18 0 
164 3 5 288 51 19 0 
164 2 2 631 409 51 0 
164 1 1 679 1187 54 0 
164 1 2 578 548 55 0 
164 4 4 557 872 58 0 
164 4 3 571 877 61 0 
165 24 16 644 833 1 0 
165 25 16 563 859 2 0 
165 2 2 910 132 3 0 
165 3 5 242 139 4 0 
165 4 6 1639 209 5 0 
165 3 3 1100 282 6 0 
165 3 3 694 309 7 0 
165 2 2 1102 362 8 0 
165 3 3 1311 451 9 0 
165 5 4 241 482 10 0 
165 4 2 817 603 11 0 
165 2 2 820 27 14 0 
165 2 2 721 253 15 0 
165 4 2 879 1060 18 0 
165 4 5 289 51 19 0 
165 1 2 634 414 51 0 
165 1 1 679 1187 54 0 
165 1 2 579 553 55 0 
165 4 4 557 872 58 0 
165 4 3 571 877 61 0 
166 24 16 644 833 1 0 
166 24 16 563 859 2 0 
166 2 2 910 132 3 0 
166 3 5 242 139 4 0 
166 4 6 1639 209 5 0 
166 3 3 1100 282 6 0 
166 3 3 694 309 7 0 
166 2 2 1102 362 8 0 
166 3 3 1311 451 9 0 
166 5 4 241 482 10 0 
166 4 2 817 603 11 0 
166 2 2 820 27 14 0 
166 2 2 721 253 15 0 
166 4 2 879 1060 18 0 
166 3 5 288 51 19 0 
166 2 2 582 557 55 0 
166 0 0 678 1186 54 1 
166 2 1 541 854 56 0 
166 4 4 557 872 58 0 
166 4 3 571 877 61 0 
167 24 16 644 833 1 0 
167 24 16 563 859 2 0 
167 2 2 910 132 3 0 
167 3 5 242 139 4 0 
167 4 6 1639 209 5 0 
167 3 3 1100 282 6 0 
167 3 3 694 309 7 0 
167 2 2 1102 362 8 0 
167 3 3 1311 451 9 0 
167 5 4 241 482 10 0 
167 4 2 817 603 11 0 
167 2 2 820 27 14 0 
167 2 2 721 253 15 0 
167 4 2 879 1060 18 0 
167 3 5 288 51 19 0 
167 1 1 679 1187 54 0 
167 1 2 584 563 55 0 
167 1 1 542 844 56 0 
167 1 0 971 532 57 0 
167 3 4 556 872 58 0 
167 4 3 571 877 61 0 
168 24 16 644 833 1 0 
168 24 16 563 859 2 0 
168 2 2 910 132 3 0 
168 3 5 242 139 4 0 
168 4 6 1639 209 5 0 
168 3 3 1100 282 6 0 
168 3 3 694 309 7 0 
168 2 2 1102 362 8 0 
168 3 3 1311 451 9 0 
168 5 4 241 482 10 0 
168 4 2 817 603 11 0 
168 2 2 820 27 14 0 
168 2 2 721 253 15 0 
168 4 2 879 1060 18 0 
168 3 5 288 51 19 0 
168 1 1 679 1187 54 0 
168 2 1 541 854 56 0 
168 1 1 975 540 57 0 
168 4 4 557 872 58 0 
168 4 3 571 877 61 0 
169 24 16 644 833 1 0 
169 24 16 563 859 2 0 
169 2 2 910 132 3 0 
169 3 5 242 139 4 0 
169 4 6 1639 209 5 0 
169 3 3 1100 282 6 0 
169 3 3 694 309 7 0 
169 2 2 1102 362 8 0 
169 3 3 1311 451 9 0 
169 5 4 241 482 10 0 
169 4 2 817 603 11 0 
169 2 2 820 27 14 0 
169 2 2 721 253 15 0 
169 4 2 879 1060 18 0 
169 3 5 288 51 19 0 
169 1 1 679 1187 54 0 
169 1 1 978 544 57 0 
169 4 4 557 872 58 0 
169 5 3 572 876 61 0 
170 24 16 644 833 1 0 
170 24 16 563 859 2 0 
170 2 2 910 132 3 0 
170 3 5 242 139 4 0 
170 4 6 1639 209 5 0 
170 3 3 1100 282 6 0 
170 3 3 694 309 7 0 
170 3 3 1311 451 9 0 
170 5 4 241 482 10 0 
170 4 2 817 603 11 0 
170 2 2 820 27 14 0 
170 2 2 721 253 15 0 
170 4 2 879 1060 18 0 
170 3 5 288 51 19 0 
170 1 1 679 1187 54 0 
170 4 4 557 872 58 0 
170 2 1 1102 362 8 1 
170 4 3 571 877 61 0 
171 22 16 644 833 1 0 
171 24 16 563 859 2 0 
171 2 2 910 132 3 0 
171 3 5 242 139 4 0 
171 4 6 1639 209 5 0 
171 3 3 1100 282 6 0 
171 3 3 694 309 7 0 
171 2 2 1103 362 8 0 
171 3 3 1311 451 9 0 
171 5 5 241 483 10 0 
171 4 2 817 603 11 0 
171 2 2 820 27 14 0 
171 2 2 721 253 15 0 
171 4 2 879 1060 18 0 
171 3 5 288 51 19 0 
171 1 1 679 1187 54 0 
171 3 4 556 872 58 0 
171 1 1 738 359 59 0 
171 4 3 571 877 61 0 
172 23 16 645 833 1 0 
172 23 16 565 859 2 0 
172 2 2 910 132 3 0 
172 3 5 242 139 4 0 
172 4 6 1639 209 5 0 
172 3 3 1100 282 6 0 
172 3 3 694 309 7 0 
172 2 2 1102 362 8 0 
172 3 3 1311 451 9 0 
172 5 4 241 482 10 0 
172 4 2 817 603 11 0 
172 2 2 820 27 14 0 
172 2 2 721 253 15 0 
172 4 2 879 1060 18 0 
172 3 5 288 51 19 0 
172 1 1 679 1187 54 0 
172 4 4 557 872 58 0 
172 2 3 743 365 59 0 
172 4 3 571 877 61 0 
173 23 16 645 833 1 0 
173 24 16 563 859 2 0 
173 2 2 910 132 3 0 
173 3 5 242 139 4 0 
173 4 6 1639 209 5 0 
173 3 3 1100 282 6 0 
173 3 3 694 309 7 0 
173 2 2 1102 362 8 0 
173 3 3 1311 451 9 0 
173 5 4 241 482 10 0 
173 4 2 817 603 11 0 
173 2 2 820 27 14 0 
173 2 2 721 253 15 0 
173 4 2 879 1060 18 0 
173 3 5 288 51 19 0 
173 1 1 679 1187 54 0 
173 5 4 556 872 58 0 
173 3 3 747 371 59 0 
173 4 3 571 877 61 0 
174 24 16 644 833 1 0 
174 24 16 564 859 2 0 
174 2 2 910 132 3 0 
174 3 5 242 139 4 0 
174 4 6 1639 209 5 0 
174 3 3 1100 282 6 0 
174 3 3 694 309 7 0 
174 2 2 1103 362 8 0 
174 3 3 1311 451 9 0 
174 5 4 241 482 10 0 
174 4 2 817 603 11 0 
174 2 2 820 27 14 0 
174 2 2 721 253 15 0 
174 4 2 879 1060 18 0 
174 3 5 288 51 19 0 
174 1 1 679 1187 54 0 
174 3 4 556 872 58 0 
174 3 4 750 378 59 0 
174 1 2 592 435 60 0 
174 4 3 571 877 61 0 
175 23 16 644 833 1 0 
175 24 16 563 859 2 0 
175 2 2 910 132 3 0 
175 3 5 242 139 4 0 
175 4 6 1639 209 5 0 
175 3 3 1100 282 6 0 
175 3 3 694 309 7 0 
175 2 2 1102 362 8 0 
175 3 3 1311 451 9 0 
175 5 4 241 482 10 0 
175 4 2 817 603 11 0 
175 2 2 820 27 14 0 
175 2 2 721 253 15 0 
175 4 2 879 1060 18 0 
175 3 5 288 51 19 0 
175 1 1 679 1187 54 0 
175 5 4 556 872 58 0 
175 2 2 754 384 59 0 
175 1 3 595 440 60 0 
175 4 3 571 877 61 0 
176 24 16 644 833 1 0 
176 23 16 565 859 2 0 
176 2 2 910 132 3 0 
176 3 5 242 139 4 0 
176 4 6 1639 209 5 0 
176 3 3 1100 282 6 0 
176 3 3 694 309 7 0 
176 2 2 1102 362 8 0 
176 3 3 1311 451 9 0 
176 5 4 241 482 10 0 
176 4 2 817 603 11 0 
176 2 2 820 27 14 0 
176 2 2 721 253 15 0 
176 4 2 879 1060 18 0 
176 3 5 288 51 19 0 
176 1 1 679 1187 54 0 
176 3 3 557 871 58 0 
176 2 3 597 447 60 0 
176 4 3 571 877 61 0 
177 24 16 644 833 1 0 
177 24 16 563 859 2 0 
177 2 2 910 132 3 0 
177 3 5 242 139 4 0 
177 4 6 1639 209 5 0 
177 3 3 1100 282 6 0 
177 3 3 694 309 7 0 
177 2 2 1102 362 8 0 
177 3 3 1311 451 9 0 
177 5 4 241 482 10 0 
177 4 2 817 603 11 0 
177 2 2 820 27 14 0 
177 2 2 721 253 15 0 
177 3 5 288 51 19 0 
177 1 1 679 1187 54 0 
177 3 4 556 872 58 0 
177 3 3 600 453 60 0 
177 4 3 571 877 61 0 
177 4 1 878 1059 18 1 
178 24 16 644 833 1 0 
178 24 16 563 859 2 0 
178 2 2 910 132 3 0 
178 3 5 242 139 4 0 
178 4 6 1639 209 5 0 
178 3 3 1100 282 6 0 
178 3 3 694 309 7 0 
178 2 2 1102 362 8 0 
178 3 3 1311 451 9 0 
178 5 4 241 482 10 0 
178 4 2 817 603 11 0 
178 2 2 820 27 14 0 
178 2 2 721 253 15 0 
178 4 2 879 1060 18 0 
178 3 5 288 51 19 0 
178 1 1 679 1187 54 0 
178 3 4 556 872 58 0 
178 2 3 603 459 60 0 
178 4 3 571 877 61 0 
178 2 2 753 560 62 0 
179 23 16 565 859 2 0 
179 2 2 910 132 3 0 
179 3 5 242 139 4 0 
179 4 6 1639 209 5 0 
179 3 3 1100 282 6 0 
179 3 4 694 310 7 0 
179 2 2 1102 362 8 0 
179 3 3 1311 451 9 0 
179 5 4 241 482 10 0 
179 4 2 817 603 11 0 
179 2 2 820 27 14 0 
179 2 2 721 253 15 0 
179 4 2 879 1060 18 0 
179 3 5 288 51 19 0 
179 1 1 679 1187 54 0 
179 3 4 556 872 58 0 
179 2 3 606 464 60 0 
179 3 3 573 877 61 0 
179 2 4 756 565 62 0 
179 23 15 644 832 1 1 
179 1 1 951 522 63 0 
179 1 1 840 540 64 0 
180 24 16 644 833 1 0 
180 23 16 565 859 2 0 
180 2 2 910 132 3 0 
180 3 5 242 139 4 0 
180 4 6 1639 209 5 0 
180 3 3 1100 282 6 0 
180 3 3 694 309 7 0 
180 2 2 1102 362 8 0 
180 3 3 1311 451 9 0 
180 5 4 241 482 10 0 
180 4 3 817 604 11 0 
180 2 3 820 28 14 0 
180 2 2 721 253 15 0 
180 4 2 879 1060 18 0 
180 3 5 288 51 19 0 
180 1 1 679 1187 54 0 
180 4 4 557 872 58 0 
180 1 1 608 467 60 0 
180 4 3 571 877 61 0 
180 1 3 759 571 62 0 
180 2 2 955 527 63 0 
180 2 1 844 546 64 0 
180 1 2 797 460 65 0 
181 24 16 644 833 1 0 
181 24 16 563 859 2 0 
181 2 2 910 132 3 0 
181 3 5 242 139 4 0 
181 4 6 1639 209 5 0 
181 3 3 1100 282 6 0 
181 3 3 694 309 7 0 
181 2 2 1102 362 8 0 
181 3 3 1311 451 9 0 
181 5 4 241 482 10 0 
181 4 2 817 603 11 0 
181 2 2 820 27 14 0 
181 2 2 721 253 15 0 
181 4 2 879 1060 18 0 
181 3 5 288 51 19 0 
181 1 1 679 1187 54 0 
181 3 4 556 872 58 0 
181 4 3 571 877 61 0 
181 1 2 957 532 63 0 
181 2 2 847 551 64 0 
181 2 2 801 465 65 0 
181 1 3 762 577 62 1 
182 24 16 644 833 1 0 
182 24 16 563 859 2 0 
182 2 2 910 132 3 0 
182 3 5 242 139 4 0 
182 4 6 1639 209 5 0 
182 3 3 1100 282 6 0 
182 3 3 694 309 7 0 
182 2 2 1102 362 8 0 
182 3 3 1311 451 9 0 
182 5 4 241 482 10 0 
182 4 2 817 603 11 0 
182 2 2 820 27 14 0 
182 2 2 721 253 15 0 
182 4 2 879 1060 18 0 
182 3 5 288 51 19 0 
182 1 1 679 1187 54 0 
182 3 4 556 872 58 0 
182 4 3 571 877 61 0 
182 3 3 851 556 64 0 
182 2 2 805 471 65 0 
182 1 3 765 584 62 1 
183 24 17 644 832 1 0 
183 24 16 563 859 2 0 
183 2 2 910 132 3 0 
183 3 5 242 139 4 0 
183 4 6 1639 209 5 0 
183 3 3 1099 282 6 0 
183 3 3 694 309 7 0 
183 2 2 1102 362 8 0 
183 3 4 1311 452 9 0 
183 5 4 241 482 10 0 
183 4 3 817 604 11 0 
183 2 2 820 27 14 0 
183 2 2 721 253 15 0 
183 4 2 879 1060 18 0 
183 3 5 288 51 19 0 
183 1 1 679 1187 54 0 
183 3 4 556 872 58 0 
183 4 3 571 877 61 0 
183 1 2 769 591 62 0 
183 2 3 854 563 64 0 
183 2 3 807 477 65 0 
183 2 1 1080 25 66 0 
184 24 16 644 833 1 0 
184 24 16 563 859 2 0 
184 2 2 910 132 3 0 
184 3 5 242 139 4 0 
184 4 6 1639 209 5 0 
184 3 3 1100 282 6 0 
184 3 3 694 309 7 0 
184 2 2 1102 362 8 0 
184 3 3 1311 451 9 0 
184 5 4 241 482 10 0 
184 4 2 817 603 11 0 
184 2 2 820 27 14 0 
184 2 2 721 253 15 0 
184 4 2 879 1060 18 0 
184 3 5 288 51 19 0 
184 1 1 679 1187 54 0 
184 3 4 556 872 58 0 
184 4 3 571 877 61 0 
184 2 4 858 569 64 0 
184 2 2 811 482 65 0 
184 3 4 1088 31 66 0 
184 1 1 773 596 62 1 
185 24 16 644 833 1 0 
185 22 19 564 862 2 0 
185 2 2 910 132 3 0 
185 3 5 242 139 4 0 
185 5 6 1640 209 5 0 
185 3 3 1100 282 6 0 
185 3 3 694 309 7 0 
185 2 2 1102 362 8 0 
185 3 3 1311 451 9 0 
185 5 4 241 482 10 0 
185 4 2 817 603 11 0 
185 2 2 820 27 14 0 
185 2 2 721 253 15 0 
185 4 2 879 1060 18 0 
185 3 5 288 51 19 0 
185 1 1 679 1187 54 0 
185 3 4 556 872 58 0 
185 1 1 777 603 62 0 
185 2 5 861 575 64 0 
185 4 3 1095 36 66 0 
185 4 2 571 875 61 1 
185 3 2 542 857 67 0 
186 24 16 644 833 1 0 
186 23 16 565 859 2 0 
186 2 2 910 132 3 0 
186 3 5 242 139 4 0 
186 4 6 1639 209 5 0 
186 3 3 1100 282 6 0 
186 3 3 694 309 7 0 
186 2 2 1102 362 8 0 
186 3 3 1311 451 9 0 
186 5 4 241 482 10 0 
186 4 2 817 603 11 0 
186 2 3 820 28 14 0 
186 2 2 721 253 15 0 
186 3 5 288 51 19 0 
186 1 1 679 1187 54 0 
186 3 4 556 872 58 0 
186 4 3 571 877 61 0 
186 4 3 866 581 64 0 
186 4 3 1102 43 66 0 
186 1 1 541 849 67 0 
186 4 1 879 1059 18 1 
187 24 16 644 833 1 0 
187 24 16 563 859 2 0 
187 2 2 910 132 3 0 
187 3 5 242 139 4 0 
187 5 6 1640 209 5 0 
187 3 3 1100 282 6 0 
187 3 3 694 309 7 0 
187 2 2 1102 362 8 0 
187 3 3 1311 451 9 0 
187 5 4 241 482 10 0 
187 4 2 817 603 11 0 
187 2 2 820 27 14 0 
187 2 2 721 253 15 0 
187 4 2 879 1060 18 0 
187 3 5 288 51 19 0 
187 1 1 679 1187 54 0 
187 3 4 556 872 58 0 
187 4 3 571 877 61 0 
187 2 3 869 588 64 0 
187 3 4 1108 49 66 0 
187 3 2 542 857 67 0 
188 24 16 644 833 1 0 
188 23 16 565 859 2 0 
188 2 2 910 132 3 0 
188 3 5 242 139 4 0 
188 5 6 1640 209 5 0 
188 3 3 1100 282 6 0 
188 3 3 694 309 7 0 
188 2 2 1102 362 8 0 
188 3 3 1311 451 9 0 
188 5 4 241 482 10 0 
188 4 2 817 603 11 0 
188 2 2 820 27 14 0 
188 2 2 721 253 15 0 
188 4 2 879 1060 18 0 
188 3 5 288 51 19 0 
188 1 1 679 1187 54 0 
188 4 4 557 872 58 0 
188 4 3 571 877 61 0 
188 2 4 873 595 64 0 
188 4 4 1116 55 66 0 
188 3 2 542 857 67 0 
189 23 16 645 833 1 0 
189 22 16 565 859 2 0 
189 2 2 910 132 3 0 
189 3 5 242 139 4 0 
189 4 6 1639 209 5 0 
189 3 3 1100 282 6 0 
189 3 3 694 309 7 0 
189 2 2 1102 362 8 0 
189 3 3 1311 451 9 0 
189 5 4 241 482 10 0 
189 4 2 817 603 11 0 
189 2 2 820 27 14 0 
189 2 2 721 253 15 0 
189 4 2 879 1060 18 0 
189 3 5 288 51 19 0 
189 1 1 679 1187 54 0 
189 3 4 556 872 58 0 
189 2 1 877 600 64 0 
189 3 3 1122 60 66 0 
189 3 2 542 857 67 0 
189 4 2 571 876 61 1 
190 24 16 644 833 1 0 
190 24 16 563 859 2 0 
190 2 2 910 132 3 0 
190 3 5 242 139 4 0 
190 4 6 1639 209 5 0 
190 3 3 1100 282 6 0 
190 3 3 694 309 7 0 
190 2 2 1102 362 8 0 
190 3 3 1311 451 9 0 
190 5 5 241 483 10 0 
190 4 2 817 603 11 0 
190 2 2 820 27 14 0 
190 2 2 721 253 15 0 
190 4 2 879 1060 18 0 
190 3 5 288 51 19 0 
190 1 1 679 1187 54 0 
190 3 4 556 872 58 0 
190 4 3 571 877 61 0 
190 3 1 543 857 67 0 
190 1 1 536 855 68 0 
191 24 18 563 861 2 0 
191 2 2 910 132 3 0 
191 3 5 242 139 4 0 
191 4 6 1639 209 5 0 
191 3 3 1100 282 6 0 
191 3 3 694 309 7 0 
191 2 2 1102 362 8 0 
191 3 3 1311 451 9 0 
191 5 4 241 482 10 0 
191 4 2 817 603 11 0 
191 2 2 820 27 14 0 
191 2 2 721 253 15 0 
191 4 2 879 1060 18 0 
191 3 5 288 51 19 0 
191 1 1 679 1187 54 0 
191 3 4 556 872 58 0 
191 1 2 539 867 67 0 
191 1 2 533 859 68 0 
191 23 15 644 832 1 1 
191 4 2 571 876 61 1 
192 23 16 643 833 1 0 
192 23 18 565 861 2 0 
192 2 2 910 132 3 0 
192 3 5 242 139 4 0 
192 4 6 1639 209 5 0 
192 3 3 1100 282 6 0 
192 3 3 694 309 7 0 
192 2 2 1102 362 8 0 
192 3 3 1311 451 9 0 
192 5 4 241 482 10 0 
192 4 2 817 603 11 0 
192 2 2 820 27 14 0 
192 2 2 721 253 15 0 
192 4 2 879 1060 18 0 
192 3 5 288 51 19 0 
192 1 1 679 1187 54 0 
192 3 4 556 872 58 0 
192 2 3 580 878 61 0 
192 3 2 542 857 68 0 
193 24 16 644 833 1 0 
193 22 16 565 859 2 0 
193 2 2 910 132 3 0 
193 3 5 242 139 4 0 
193 4 6 1639 209 5 0 
193 3 3 1100 282 6 0 
193 3 3 694 309 7 0 
193 2 2 1102 362 8 0 
193 3 3 1311 451 9 0 
193 5 4 241 482 10 0 
193 4 2 817 603 11 0 
193 2 2 820 27 14 0 
193 2 2 721 253 15 0 
193 4 2 879 1060 18 0 
193 3 5 288 51 19 0 
193 1 1 679 1187 54 0 
193 3 4 556 872 58 0 
193 4 3 571 877 61 0 
193 3 2 542 857 68 0 
193 2 2 636 854 69 0 
194 23 16 644 833 1 0 
194 23 16 565 859 2 0 
194 2 2 910 132 3 0 
194 3 5 242 139 4 0 
194 4 6 1639 209 5 0 
194 3 3 1100 282 6 0 
194 3 3 694 309 7 0 
194 2 2 1102 362 8 0 
194 3 3 1311 451 9 0 
194 5 4 241 482 10 0 
194 4 2 817 603 11 0 
194 2 2 820 27 14 0 
194 2 2 721 253 15 0 
194 5 2 879 1060 18 0 
194 3 5 288 51 19 0 
194 1 1 679 1187 54 0 
194 3 4 556 872 58 0 
194 4 3 571 877 61 0 
194 3 2 542 857 68 0 
194 2 3 642 850 69 0 
194 1 1 1025 491 70 0 
195 23 17 645 834 1 0 
195 22 16 564 859 2 0 
195 2 2 910 132 3 0 
195 3 5 242 139 4 0 
195 4 6 1639 209 5 0 
195 3 3 1100 282 6 0 
195 3 3 694 309 7 0 
195 2 2 1102 362 8 0 
195 3 3 1311 451 9 0 
195 5 4 241 482 10 0 
195 4 2 817 603 11 0 
195 2 2 820 27 14 0 
195 2 2 721 253 15 0 
195 4 2 879 1060 18 0 
195 3 5 288 51 19 0 
195 1 1 679 1187 54 0 
195 4 3 571 877 61 0 
195 3 2 542 857 68 0 
195 2 3 638 852 69 0 
195 1 1 1029 495 70 0 
195 3 3 555 871 58 1 
196 24 16 644 833 1 0 
196 22 16 564 859 2 0 
196 2 2 910 132 3 0 
196 3 5 242 139 4 0 
196 4 6 1639 209 5 0 
196 3 3 1100 282 6 0 
196 3 3 694 309 7 0 
196 2 2 1102 362 8 0 
196 4 3 1312 451 9 0 
196 5 4 241 482 10 0 
196 4 2 817 603 11 0 
196 2 2 820 27 14 0 
196 2 2 721 253 15 0 
196 4 2 879 1060 18 0 
196 3 5 288 51 19 0 
196 1 1 679 1187 54 0 
196 3 4 556 872 58 0 
196 4 3 571 877 61 0 
196 3 2 542 857 68 0 
196 2 2 1032 500 70 0 
196 1 2 633 853 69 1 
197 23 16 645 833 1 0 
197 24 16 563 859 2 0 
197 2 2 910 132 3 0 
197 3 5 242 139 4 0 
197 4 6 1639 209 5 0 
197 3 3 1100 282 6 0 
197 3 3 694 309 7 0 
197 2 2 1102 362 8 0 
197 3 3 1311 451 9 0 
197 5 4 241 482 10 0 
197 4 2 817 603 11 0 
197 2 2 820 27 14 0 
197 2 2 721 253 15 0 
197 4 2 879 1060 18 0 
197 3 5 288 51 19 0 
197 1 1 679 1187 54 0 
197 1 1 553 881 58 0 
197 4 3 571 877 61 0 
197 3 2 542 857 68 0 
197 1 1 634 849 69 0 
197 2 2 1036 506 70 0 
197 2 2 1474 125 71 0 
198 23 16 644 833 1 0 
198 24 16 563 859 2 0 
198 2 2 910 132 3 0 
198 3 5 242 139 4 0 
198 4 6 1639 209 5 0 
198 3 3 1100 282 6 0 
198 3 3 694 309 7 0 
198 2 2 1102 362 8 0 
198 3 3 1311 451 9 0 
198 5 4 241 482 10 0 
198 4 2 817 603 11 0 
198 2 2 820 27 14 0 
198 2 2 720 253 15 0 
198 1 3 883 1061 18 0 
198 3 5 288 51 19 0 
198 1 1 679 1187 54 0 
198 3 4 556 872 58 0 
198 4 3 571 877 61 0 
198 3 2 542 857 68 0 
198 3 3 1481 132 71 0 
198 1 1 634 844 69 1 
199 23 16 644 833 1 0 
199 24 18 562 861 2 0 
199 2 2 910 132 3 0 
199 4 5 243 139 4 0 
199 4 6 1639 209 5 0 
199 3 3 1100 282 6 0 
199 3 3 694 309 7 0 
199 2 2 1102 362 8 0 
199 3 3 1311 451 9 0 
199 5 4 241 482 10 0 
199 4 2 817 603 11 0 
199 2 2 820 27 14 0 
199 2 2 721 253 15 0 
199 4 2 879 1060 18 0 
199 4 5 289 51 19 0 
199 1 1 679 1187 54 0 
199 0 1 543 849 68 0 
199 1 1 629 850 69 0 
199 4 3 1488 138 71 0 
199 3 3 558 862 58 1 
199 1 1 877 379 72 0 
199 4 2 571 876 61 1 
200 24 16 644 833 1 0 
200 22 18 564 861 2 0 
200 2 2 910 132 3 0 
200 3 5 242 139 4 0 
200 4 6 1639 209 5 0 
200 3 3 1100 282 6 0 
200 4 3 694 309 7 0 
200 2 2 1102 362 8 0 
200 3 3 1311 451 9 0 
200 6 4 242 482 10 0 
200 4 2 817 603 11 0 
200 2 2 820 27 14 0 
200 2 2 721 252 15 0 
200 3 2 878 1060 18 0 
200 3 5 288 51 19 0 
200 1 1 679 1187 54 0 
200 3 2 556 873 58 0 
200 1 1 538 850 68 0 
200 2 3 880 385 72 0 
200 4 2 570 876 61 1 
200 1 1 623 855 69 1 
200 2 3 762 541 73 0 
201 23 16 645 833 1 0 
201 24 16 563 859 2 0 
201 2 2 910 132 3 0 
201 3 5 242 139 4 0 
201 4 6 1639 209 5 0 
201 3 3 1100 282 6 0 
201 3 3 694 309 7 0 
201 2 2 1102 362 8 0 
201 3 3 1311 451 9 0 
201 5 4 241 482 10 0 
201 5 3 818 604 11 0 
201 2 3 820 28 14 0 
201 2 2 721 253 15 0 
201 5 2 879 1059 18 0 
201 3 5 288 51 19 0 
201 1 1 679 1187 54 0 
201 1 1 556 881 58 0 
201 5 3 571 877 61 0 
201 1 1 632 856 69 0 
201 1 2 883 388 72 0 
201 3 3 767 546 73 0 
201 1 2 885 392 74 0 
202 23 16 645 833 1 0 
202 22 16 565 859 2 0 
202 2 2 910 132 3 0 
202 3 5 242 139 4 0 
202 4 6 1639 209 5 0 
202 3 3 1100 282 6 0 
202 3 3 694 309 7 0 
202 2 2 1102 362 8 0 
202 3 3 1311 451 9 0 
202 5 4 241 482 10 0 
202 4 2 817 603 11 0 
202 2 2 820 27 14 0 
202 2 2 721 253 15 0 
202 4 2 879 1060 18 0 
202 3 5 288 51 19 0 
202 1 1 679 1187 54 0 
202 1 1 557 884 58 0 
202 4 3 571 877 61 0 
202 2 3 768 551 73 0 
202 2 2 890 397 74 0 
202 1 0 640 855 69 1 
203 24 16 644 833 1 0 
203 24 16 563 859 2 0 
203 2 2 910 132 3 0 
203 3 5 242 139 4 0 
203 4 6 1639 209 5 0 
203 3 3 1100 282 6 0 
203 3 3 694 309 7 0 
203 2 2 1102 362 8 0 
203 3 3 1311 451 9 0 
203 5 4 241 482 10 0 
203 4 2 817 603 11 0 
203 2 2 820 27 14 0 
203 2 2 721 253 15 0 
203 5 2 880 1060 18 0 
203 3 5 288 51 19 0 
203 1 1 679 1187 54 0 
203 1 1 565 881 58 0 
203 4 3 571 877 61 0 
203 2 3 772 557 73 0 
203 1 2 893 402 74 0 
203 1 0 648 856 69 1 
204 23 16 645 833 1 0 
204 22 16 564 859 2 0 
204 2 2 910 132 3 0 
204 3 5 242 139 4 0 
204 4 6 1639 209 5 0 
204 3 3 1100 282 6 0 
204 3 4 694 310 7 0 
204 2 2 1102 362 8 0 
204 3 3 1311 451 9 0 
204 5 5 241 483 10 0 
204 4 2 817 603 11 0 
204 2 2 820 27 14 0 
204 2 2 721 253 15 0 
204 4 2 879 1060 18 0 
204 3 5 288 51 19 0 
204 1 1 679 1187 54 0 
204 4 3 571 877 61 0 
204 2 2 775 562 73 0 
204 1 0 656 856 69 1 
205 23 16 645 833 1 0 
205 24 16 563 859 2 0 
205 2 2 910 132 3 0 
205 3 5 242 139 4 0 
205 4 6 1639 209 5 0 
205 3 3 1100 282 6 0 
205 3 3 694 309 7 0 
205 2 2 1102 362 8 0 
205 3 3 1311 451 9 0 
205 5 4 241 482 10 0 
205 4 2 817 603 11 0 
205 2 3 820 27 14 0 
205 2 2 721 253 15 0 
205 4 2 879 1060 18 0 
205 3 5 288 51 19 0 
205 1 1 679 1187 54 0 
205 4 3 571 877 61 0 
205 1 1 661 850 69 0 
205 1 2 777 565 73 0 
206 24 16 646 833 1 0 
206 22 16 564 859 2 0 
206 2 2 910 132 3 0 
206 3 5 242 139 4 0 
206 4 6 1639 209 5 0 
206 3 3 1100 282 6 0 
206 3 3 694 309 7 0 
206 2 2 1102 362 8 0 
206 3 3 1311 451 9 0 
206 5 4 241 482 10 0 
206 4 2 817 603 11 0 
206 2 3 820 27 14 0 
206 2 2 721 253 15 0 
206 5 2 879 1060 18 0 
206 3 5 288 51 19 0 
206 1 1 679 1187 54 0 
206 4 3 571 877 61 0 
206 1 1 657 851 69 0 
207 23 16 645 833 1 0 
207 22 16 565 859 2 0 
207 2 2 910 132 3 0 
207 3 5 242 139 4 0 
207 4 6 1639 209 5 0 
207 3 3 1100 282 6 0 
207 3 3 694 309 7 0 
207 2 1 1102 363 8 0 
207 3 3 1311 451 9 0 
207 5 5 241 483 10 0 
207 4 2 817 603 11 0 
207 2 2 820 27 14 0 
207 2 2 721 253 15 0 
207 5 2 880 1060 18 0 
207 3 6 288 52 19 0 
207 1 1 679 1187 54 0 
207 4 3 571 877 61 0 
207 1 1 666 851 69 0 
208 23 17 645 833 1 0 
208 23 16 565 859 2 0 
208 2 2 910 132 3 0 
208 3 5 242 139 4 0 
208 4 6 1639 209 5 0 
208 3 3 1100 282 6 0 
208 3 4 694 310 7 0 
208 2 2 1102 362 8 0 
208 4 3 1312 451 9 0 
208 5 5 241 483 10 0 
208 4 3 817 604 11 0 
208 2 2 820 27 14 0 
208 2 2 721 253 15 0 
208 4 2 879 1060 18 0 
208 4 5 289 51 19 0 
208 1 1 679 1187 54 0 
208 5 3 572 877 61 0 
208 1 1 675 850 69 1 
209 23 16 645 833 1 0 
209 22 16 565 859 2 0 
209 2 2 910 132 3 0 
209 3 5 242 139 4 0 
209 4 6 1639 209 5 0 
209 3 3 1100 282 6 0 
209 3 3 694 309 7 0 
209 2 2 1102 362 8 0 
209 3 3 1311 451 9 0 
209 5 4 241 482 10 0 
209 4 2 817 603 11 0 
209 2 3 820 27 14 0 
209 2 2 721 253 15 0 
209 4 2 879 1060 18 0 
209 4 5 289 51 19 0 
209 1 1 679 1187 54 0 
209 4 3 571 877 61 0 
209 0 1 673 857 69 0 
210 23 16 645 833 1 0 
210 22 16 564 859 2 0 
210 2 2 910 132 3 0 
210 3 5 242 139 4 0 
210 4 7 1639 209 5 0 
210 3 3 1100 282 6 0 
210 3 3 694 309 7 0 
210 2 2 1102 362 8 0 
210 3 3 1311 451 9 0 
210 5 4 241 482 10 0 
210 4 2 817 603 11 0 
210 2 3 820 27 14 0 
210 2 2 721 253 15 0 
210 4 2 879 1060 18 0 
210 3 5 288 51 19 0 
210 1 1 679 1187 54 0 
210 4 3 571 877 61 0 
211 22 18 565 861 2 0 
211 2 2 910 132 3 0 
211 4 5 243 139 4 0 
211 6 7 1641 209 5 0 
211 3 3 1100 282 6 0 
211 3 3 694 309 7 0 
211 2 2 1102 362 8 0 
211 3 3 1311 451 9 0 
211 5 4 241 482 10 0 
211 4 2 817 603 11 0 
211 2 2 820 27 14 0 
211 2 2 721 253 15 0 
211 4 2 879 1060 18 0 
211 3 5 288 51 19 0 
211 1 1 679 1187 54 0 
211 22 16 644 832 1 1 
211 4 2 571 876 61 1 
212 23 16 645 833 1 0 
212 22 16 564 859 2 0 
212 2 2 910 132 3 0 
212 3 5 242 139 4 0 
212 4 6 1639 209 5 0 
212 2 3 1099 282 6 0 
212 4 4 695 310 7 0 
212 2 2 1102 362 8 0 
212 3 3 1311 451 9 0 
212 5 4 241 482 10 0 
212 4 2 817 603 11 0 
212 2 3 820 28 14 0 
212 2 2 721 253 15 0 
212 4 2 879 1060 18 0 
212 3 5 288 51 19 0 
212 1 1 679 1187 54 0 
212 4 3 571 877 61 0 
212 3 2 542 857 75 0 
213 23 16 645 833 1 0 
213 22 16 564 859 2 0 
213 2 2 910 132 3 0 
213 4 5 243 139 4 0 
213 4 6 1639 209 5 0 
213 3 3 1100 282 6 0 
213 4 3 695 309 7 0 
213 2 2 1102 362 8 0 
213 4 3 1312 451 9 0 
213 5 4 241 482 10 0 
213 5 2 818 603 11 0 
213 2 2 820 27 14 0 
213 2 2 721 252 15 0 
213 4 2 879 1060 18 0 
213 5 5 290 51 19 0 
213 1 1 679 1187 54 0 
213 4 3 571 877 61 0 
213 1 1 540 859 75 0 
213 1 2 654 820 76 0 
214 23 16 645 833 1 0 
214 22 16 564 859 2 0 
214 2 2 910 132 3 0 
214 3 6 242 140 4 0 
214 4 6 1639 209 5 0 
214 3 3 1100 282 6 0 
214 3 3 694 309 7 0 
214 2 2 1102 362 8 0 
214 3 3 1311 451 9 0 
214 5 4 241 482 10 0 
214 4 2 817 603 11 0 
214 2 2 820 27 14 0 
214 2 2 721 253 15 0 
214 4 2 879 1060 18 0 
214 3 5 288 51 19 0 
214 1 1 679 1187 54 0 
214 4 3 571 877 61 0 
214 3 2 542 857 75 0 
214 1 1 658 815 76 0 
215 23 16 645 833 1 0 
215 24 16 563 859 2 0 
215 2 2 910 132 3 0 
215 3 6 242 140 4 0 
215 5 6 1640 209 5 0 
215 2 3 1099 282 6 0 
215 3 3 694 309 7 0 
215 3 3 1311 451 9 0 
215 5 4 241 482 10 0 
215 4 2 817 603 11 0 
215 2 2 820 27 14 0 
215 2 2 721 253 15 0 
215 4 2 879 1060 18 0 
215 3 5 288 51 19 0 
215 1 1 679 1187 54 0 
215 4 3 571 877 61 0 
215 1 2 654 820 76 0 
215 2 1 1102 362 8 1 
215 3 1 543 855 75 1 
216 24 16 644 833 1 0 
216 24 14 563 861 2 0 
216 2 2 910 132 3 0 
216 3 5 242 139 4 0 
216 4 6 1639 209 5 0 
216 3 3 1100 282 6 0 
216 3 3 694 309 7 0 
216 2 2 1102 362 8 0 
216 3 3 1311 451 9 0 
216 5 4 241 482 10 0 
216 4 2 817 603 11 0 
216 2 2 820 27 14 0 
216 2 2 721 253 15 0 
216 4 2 879 1060 18 0 
216 3 5 288 51 19 0 
216 1 1 679 1187 54 0 
216 4 3 571 877 61 0 
216 3 1 545 853 75 1 
217 23 16 645 833 1 0 
217 24 16 563 859 2 0 
217 2 2 910 132 3 0 
217 3 5 242 139 4 0 
217 5 6 1640 209 5 0 
217 3 3 1100 282 6 0 
217 3 3 694 309 7 0 
217 2 2 1102 362 8 0 
217 3 3 1311 451 9 0 
217 5 4 241 482 10 0 
217 4 2 817 603 11 0 
217 2 2 820 27 14 0 
217 2 2 721 253 15 0 
217 4 2 879 1060 18 0 
217 3 5 288 51 19 0 
217 1 1 679 1187 54 0 
217 4 5 571 879 61 0 
217 3 1 547 851 75 1 
218 23 17 645 834 1 0 
218 22 16 564 859 2 0 
218 2 2 910 131 3 0 
218 3 5 242 139 4 0 
218 4 6 1639 209 5 0 
218 3 3 1100 282 6 0 
218 3 3 694 309 7 0 
218 2 2 1102 362 8 0 
218 4 3 1312 451 9 0 
218 5 4 241 482 10 0 
218 4 2 817 603 11 0 
218 2 2 820 27 14 0 
218 2 2 721 253 15 0 
218 4 2 879 1060 18 0 
218 3 5 288 51 19 0 
218 1 1 679 1187 54 0 
218 4 3 571 877 61 0 
218 3 2 542 857 75 0 
218 1 1 965 1029 77 0 
219 23 16 645 833 1 0 
219 22 16 565 859 2 0 
219 2 2 910 132 3 0 
219 3 5 242 139 4 0 
219 5 6 1640 209 5 0 
219 3 3 1100 282 6 0 
219 3 3 694 309 7 0 
219 2 2 1102 362 8 0 
219 3 3 1311 451 9 0 
219 5 4 241 482 10 0 
219 4 2 817 603 11 0 
219 2 2 820 27 14 0 
219 2 2 721 253 15 0 
219 4 2 879 1060 18 0 
219 3 5 288 51 19 0 
219 1 1 679 1187 54 0 
219 4 3 571 877 61 0 
219 2 2 544 859 75 0 
219 1 1 961 1035 77 0 
220 26 16 646 833 1 0 
220 22 16 564 859 2 0 
220 2 2 910 132 3 0 
220 3 5 242 139 4 0 
220 4 6 1639 209 5 0 
220 3 3 1100 282 6 0 
220 3 3 694 309 7 0 
220 2 2 1102 362 8 0 
220 3 3 1311 451 9 0 
220 5 4 241 482 10 0 
220 4 2 817 603 11 0 
220 2 2 820 27 14 0 
220 2 2 721 253 15 0 
220 4 2 879 1060 18 0 
220 3 5 288 51 19 0 
220 1 1 679 1187 54 0 
220 4 3 571 877 61 0 
220 2 2 544 859 75 0 
220 1 1 955 1029 77 0 
221 23 17 645 834 1 0 
221 24 16 563 859 2 0 
221 2 2 910 132 3 0 
221 3 5 242 139 4 0 
221 4 6 1639 209 5 0 
221 3 3 1100 282 6 0 
221 3 3 694 309 7 0 
221 2 2 1102 362 8 0 
221 3 3 1311 451 9 0 
221 5 4 241 482 10 0 
221 4 2 817 603 11 0 
221 2 2 820 27 14 0 
221 2 2 721 253 15 0 
221 3 5 288 51 19 0 
221 1 1 679 1187 54 0 
221 4 3 571 877 61 0 
221 2 2 544 857 75 0 
221 4 1 878 1059 18 1 
222 23 16 645 833 1 0 
222 22 17 565 860 2 0 
222 2 2 910 132 3 0 
222 3 5 242 139 4 0 
222 4 6 1639 209 5 0 
222 3 3 1100 282 6 0 
222 3 3 694 309 7 0 
222 2 2 1102 362 8 0 
222 3 3 1311 451 9 0 
222 5 4 241 482 10 0 
222 4 2 817 603 11 0 
222 2 2 820 27 14 0 
222 2 2 721 253 15 0 
222 4 2 879 1060 18 0 
222 3 5 288 51 19 0 
222 1 1 679 1187 54 0 
222 4 3 571 877 61 0 
222 3 2 542 857 75 0 
223 23 16 645 833 1 0 
223 22 16 564 859 2 0 
223 2 2 910 132 3 0 
223 3 5 242 139 4 0 
223 4 6 1639 209 5 0 
223 3 2 1100 281 6 0 
223 3 3 694 309 7 0 
223 2 2 1102 362 8 0 
223 3 3 1311 451 9 0 
223 5 4 241 482 10 0 
223 4 2 817 603 11 0 
223 2 2 820 27 14 0 
223 2 2 721 253 15 0 
223 4 2 879 1060 18 0 
223 3 5 288 51 19 0 
223 1 1 679 1187 54 0 
223 4 3 571 877 61 0 
223 1 1 955 497 78 0 
223 1 1 871 1122 79 0 
224 23 16 645 833 1 0 
224 22 16 564 859 2 0 
224 2 2 910 132 3 0 
224 3 5 242 139 4 0 
224 4 6 1639 209 5 0 
224 2 3 1099 282 6 0 
224 3 3 694 309 7 0 
224 2 2 1102 362 8 0 
224 3 3 1311 451 9 0 
224 5 4 241 482 10 0 
224 4 2 817 603 11 0 
224 2 2 820 27 14 0 
224 2 2 721 253 15 0 
224 4 2 879 1060 18 0 
224 3 5 288 51 19 0 
224 1 1 679 1187 54 0 
224 4 3 571 877 61 0 
224 2 3 959 504 78 0 
224 0 1 875 1130 79 0 
224 3 3 1130 419 80 0 
225 23 16 645 833 1 0 
225 22 16 564 859 2 0 
225 2 2 910 132 3 0 
225 3 5 242 139 4 0 
225 4 6 1639 209 5 0 
225 3 3 1100 282 6 0 
225 3 3 694 309 7 0 
225 2 2 1102 362 8 0 
225 3 3 1311 451 9 0 
225 5 4 241 482 10 0 
225 4 2 817 603 11 0 
225 2 2 820 27 14 0 
225 2 2 721 253 15 0 
225 4 2 879 1060 18 0 
225 3 5 288 51 19 0 
225 1 1 679 1187 54 0 
225 4 3 571 877 61 0 
225 3 4 963 510 78 0 
225 1 1 872 1126 79 0 
225 3 3 1135 425 80 0 
226 23 16 645 833 1 0 
226 22 16 565 859 2 0 
226 2 2 910 132 3 0 
226 4 5 243 139 4 0 
226 4 7 1639 209 5 0 
226 3 3 1100 282 6 0 
226 4 3 695 309 7 0 
226 2 2 1102 362 8 0 
226 3 3 1311 451 9 0 
226 6 4 242 482 10 0 
226 5 2 818 603 11 0 
226 2 2 820 27 14 0 
226 2 2 721 253 15 0 
226 4 2 879 1060 18 0 
226 3 5 288 51 19 0 
226 1 1 679 1187 54 0 
226 4 3 571 877 61 0 
226 2 3 969 516 78 0 
226 3 3 1140 431 80 0 
226 1 1 869 1121 79 1 
227 23 16 645 833 1 0 
227 23 16 563 859 2 0 
227 2 2 910 132 3 0 
227 3 5 242 139 4 0 
227 4 6 1639 209 5 0 
227 3 3 1100 282 6 0 
227 3 3 694 309 7 0 
227 2 2 1102 362 8 0 
227 3 3 1311 451 9 0 
227 5 4 241 482 10 0 
227 4 2 817 603 11 0 
227 2 2 820 27 14 0 
227 2 2 721 253 15 0 
227 3 5 288 51 19 0 
227 1 1 679 1187 54 0 
227 4 3 571 877 61 0 
227 3 2 972 522 78 0 
227 3 3 1144 436 80 0 
227 4 1 878 1059 18 1 
227 1 2 625 822 81 0 
227 1 1 668 853 82 0 
227 1 1 866 1117 79 1 
228 23 16 645 833 1 0 
228 23 16 565 859 2 0 
228 2 2 910 132 3 0 
228 3 5 242 139 4 0 
228 4 6 1639 209 5 0 
228 3 3 1100 282 6 0 
228 3 3 694 309 7 0 
228 2 2 1102 362 8 0 
228 3 3 1311 451 9 0 
228 5 4 241 482 10 0 
228 4 2 817 603 11 0 
228 2 2 820 27 14 0 
228 2 2 721 253 15 0 
228 4 2 879 1060 18 0 
228 3 5 288 51 19 0 
228 1 1 679 1187 54 0 
228 4 3 571 877 61 0 
228 3 4 977 529 78 0 
228 0 1 1148 437 80 0 
228 1 1 620 825 81 0 
228 1 1 661 858 82 0 
228 1 1 863 1112 79 1 
229 23 16 645 833 1 0 
229 22 18 565 861 2 0 
229 2 2 910 132 3 0 
229 3 5 242 139 4 0 
229 4 6 1639 209 5 0 
229 3 3 1100 282 6 0 
229 3 3 694 309 7 0 
229 2 2 1102 362 8 0 
229 3 3 1311 451 9 0 
229 5 4 241 482 10 0 
229 4 2 817 603 11 0 
229 2 2 820 27 14 0 
229 2 2 721 253 15 0 
229 5 2 879 1059 18 0 
229 3 5 288 51 19 0 
229 1 1 679 1187 54 0 
229 1 1 563 877 61 0 
229 1 1 981 535 78 0 
229 1 1 861 1111 79 0 
229 2 1 617 830 81 0 
229 1 1 665 849 82 0 
230 23 16 645 833 1 0 
230 22 16 565 859 2 0 
230 2 2 910 132 3 0 
230 3 5 242 139 4 0 
230 4 7 1639 208 5 0 
230 3 3 1100 282 6 0 
230 3 3 694 309 7 0 
230 2 2 1102 362 8 0 
230 4 3 1312 451 9 0 
230 5 4 241 482 10 0 
230 5 2 818 603 11 0 
230 2 2 820 27 14 0 
230 2 2 721 253 15 0 
230 5 2 879 1059 18 0 
230 3 5 288 51 19 0 
230 1 1 679 1187 54 0 
230 2 2 666 844 82 0 
230 1 1 613 835 81 1 
231 23 16 645 833 1 0 
231 20 16 563 859 2 0 
231 2 2 910 132 3 0 
231 3 5 242 139 4 0 
231 4 7 1639 209 5 0 
231 3 3 1100 282 6 0 
231 3 3 694 309 7 0 
231 2 2 1102 362 8 0 
231 3 3 1311 451 9 0 
231 5 4 241 482 10 0 
231 4 2 817 603 11 0 
231 2 2 820 27 14 0 
231 2 2 721 253 15 0 
231 4 2 879 1060 18 0 
231 3 5 288 51 19 0 
231 1 1 679 1187 54 0 
231 1 1 612 826 81 0 
231 1 1 819 1073 83 0 
231 1 2 666 838 82 1 
232 24 16 644 833 1 0 
232 22 16 564 859 2 0 
232 2 2 910 131 3 0 
232 3 5 242 139 4 0 
232 4 6 1639 209 5 0 
232 3 3 1100 282 6 0 
232 3 3 694 309 7 0 
232 2 2 1102 362 8 0 
232 3 3 1311 451 9 0 
232 5 4 241 482 10 0 
232 4 2 817 603 11 0 
232 2 2 820 27 14 0 
232 2 2 721 253 15 0 
232 4 2 879 1060 18 0 
232 3 5 288 51 19 0 
232 1 1 679 1187 54 0 
232 1 1 820 1070 83 0 
232 1 2 667 833 82 1 
233 24 16 643 832 1 0 
233 23 16 565 859 2 0 
233 2 2 910 131 3 0 
233 3 5 242 139 4 0 
233 4 7 1639 209 5 0 
233 2 3 1099 282 6 0 
233 3 3 694 309 7 0 
233 2 2 1102 362 8 0 
233 3 4 1311 451 9 0 
233 5 4 241 482 10 0 
233 4 2 817 603 11 0 
233 2 3 820 27 14 0 
233 2 2 721 253 15 0 
233 1 1 883 1060 18 0 
233 3 5 288 51 19 0 
233 1 1 679 1187 54 0 
233 1 2 670 835 82 0 
233 1 1 822 1073 83 0 
234 24 16 643 833 1 0 
234 22 16 565 858 2 0 
234 2 2 910 132 3 0 
234 3 5 242 139 4 0 
234 4 6 1639 209 5 0 
234 3 3 1100 282 6 0 
234 3 3 694 309 7 0 
234 2 2 1102 362 8 0 
234 3 3 1311 451 9 0 
234 5 4 241 482 10 0 
234 4 2 817 603 11 0 
234 2 2 820 27 14 0 
234 2 2 721 253 15 0 
234 4 2 879 1060 18 0 
234 3 5 288 51 19 0 
234 1 1 679 1187 54 0 
234 1 2 672 837 82 1 
234 1 0 824 1074 83 1 
235 23 16 646 833 1 0 
235 22 16 565 858 2 0 
235 2 2 910 132 3 0 
235 3 5 242 139 4 0 
235 5 7 1640 208 5 0 
235 2 3 1099 281 6 0 
235 3 3 694 309 7 0 
235 2 2 1102 362 8 0 
235 4 4 1312 450 9 0 
235 5 4 241 482 10 0 
235 4 2 817 603 11 0 
235 2 2 820 27 14 0 
235 2 2 721 253 15 0 
235 4 2 879 1060 18 0 
235 3 5 288 51 19 0 
235 1 1 679 1187 54 0 
235 1 1 671 840 82 0 
235 2 1 991 1010 84 0 
235 1 0 827 1077 83 1 
236 24 16 643 833 1 0 
236 21 16 563 859 2 0 
236 2 2 910 132 3 0 
236 3 5 242 139 4 0 
236 4 6 1639 209 5 0 
236 3 3 1100 282 6 0 
236 3 3 694 309 7 0 
236 2 2 1102 362 8 0 
236 3 3 1311 451 9 0 
236 5 4 241 482 10 0 
236 4 2 817 603 11 0 
236 2 3 820 27 14 0 
236 2 2 721 253 15 0 
236 4 2 879 1060 18 0 
236 3 5 288 51 19 0 
236 1 1 995 1007 84 0 
236 0 0 678 1186 54 1 
236 1 0 830 1080 83 1 
236 1 1 669 841 82 1 
237 24 16 644 833 1 0 
237 24 15 566 859 2 0 
237 2 2 910 132 3 0 
237 3 5 242 139 4 0 
237 5 7 1640 208 5 0 
237 3 3 1100 282 6 0 
237 3 3 694 309 7 0 
237 2 2 1102 361 8 0 
237 3 4 1311 450 9 0 
237 5 4 241 482 10 0 
237 5 3 818 603 11 0 
237 2 2 820 27 14 0 
237 2 2 721 253 15 0 
237 4 2 879 1060 18 0 
237 3 5 288 51 19 0 
237 1 1 679 1187 54 0 
237 1 1 827 1076 83 0 
237 1 1 995 1008 84 0 
237 1 1 667 843 82 1 
238 24 16 643 833 1 0 
238 21 16 563 859 2 0 
238 2 2 910 131 3 0 
238 3 5 242 139 4 0 
238 4 6 1639 209 5 0 
238 3 3 1100 282 6 0 
238 3 3 694 309 7 0 
238 2 2 1103 362 8 0 
238 3 3 1311 451 9 0 
238 5 4 241 482 10 0 
238 4 2 817 603 11 0 
238 2 2 820 27 14 0 
238 2 2 721 253 15 0 
238 4 2 879 1060 18 0 
238 3 5 288 51 19 0 
238 1 1 679 1187 54 0 
238 1 1 666 845 82 1 
238 1 0 824 1070 83 1 
238 1 2 618 819 85 0 
239 22 16 645 833 1 0 
239 22 15 561 859 2 0 
239 2 2 910 132 3 0 
239 3 5 242 139 4 0 
239 4 7 1639 208 5 0 
239 3 4 1100 281 6 0 
239 3 3 694 309 7 0 
239 2 2 1102 362 8 0 
239 3 3 1311 451 9 0 
239 5 4 241 482 10 0 
239 4 2 817 603 11 0 
239 2 3 820 27 14 0 
239 2 2 721 253 15 0 
239 4 2 879 1060 18 0 
239 3 5 288 51 19 0 
239 1 1 679 1187 54 0 
239 1 2 666 845 82 0 
239 1 1 824 1067 83 0 
239 1 1 622 821 85 0 
240 22 16 645 833 1 0 
240 22 15 564 859 2 0 
240 2 2 910 131 3 0 
240 3 5 242 139 4 0 
240 4 7 1639 209 5 0 
240 3 3 1100 282 6 0 
240 3 3 694 309 7 0 
240 2 2 1103 362 8 0 
240 3 3 1311 451 9 0 
240 5 4 241 482 10 0 
240 4 2 817 603 11 0 
240 2 2 820 27 14 0 
240 2 2 721 253 15 0 
240 4 2 879 1060 18 0 
240 3 5 288 51 19 0 
240 1 1 679 1187 54 0 
240 1 1 618 824 85 0 
240 1 2 107 465 86 0 
240 0 1 664 843 82 1 
241 24 16 644 833 1 0 
241 22 16 561 859 2 0 
241 2 2 910 132 3 0 
241 3 5 242 139 4 0 
241 4 7 1639 209 5 0 
241 3 3 1100 282 6 0 
241 3 3 694 309 7 0 
241 2 2 1103 362 8 0 
241 3 4 1311 451 9 0 
241 5 4 241 482 10 0 
241 4 2 817 603 11 0 
241 2 2 820 27 14 0 
241 2 2 721 253 15 0 
241 4 2 879 1060 18 0 
241 3 5 288 51 19 0 
241 1 1 679 1187 54 0 
241 5 5 103 462 86 0 
241 0 1 664 842 82 1 
242 25 16 645 833 1 0 
242 22 16 561 859 2 0 
242 2 2 910 132 3 0 
242 3 5 242 139 4 0 
242 4 6 1639 209 5 0 
242 3 3 1100 282 6 0 
242 3 3 694 309 7 0 
242 2 2 1102 362 8 0 
242 3 3 1311 451 9 0 
242 5 4 241 482 10 0 
242 4 2 817 603 11 0 
242 2 2 820 27 14 0 
242 2 2 721 253 15 0 
242 4 2 879 1060 18 0 
242 3 5 288 51 19 0 
242 1 1 679 1187 54 0 
242 3 2 106 465 86 0 
242 0 1 662 840 82 1 
243 24 16 644 833 1 0 
243 22 18 561 861 2 0 
243 2 2 910 132 3 0 
243 3 5 242 139 4 0 
243 4 6 1639 209 5 0 
243 3 3 1100 282 6 0 
243 3 3 694 309 7 0 
243 2 2 1102 362 8 0 
243 3 3 1311 451 9 0 
243 5 4 241 482 10 0 
243 4 2 817 603 11 0 
243 2 2 820 27 14 0 
243 2 2 721 253 15 0 
243 4 2 879 1060 18 0 
243 3 5 288 51 19 0 
243 1 1 679 1187 54 0 
243 1 1 661 848 82 0 
244 24 16 644 833 1 0 
244 21 16 563 859 2 0 
244 2 2 910 132 3 0 
244 3 5 242 139 4 0 
244 4 6 1639 209 5 0 
244 3 3 1100 282 6 0 
244 3 3 694 309 7 0 
244 2 2 1102 362 8 0 
244 3 3 1311 451 9 0 
244 5 4 241 482 10 0 
244 4 2 817 603 11 0 
244 2 2 820 27 14 0 
244 2 2 721 253 15 0 
244 4 2 879 1060 18 0 
244 3 5 288 51 19 0 
244 1 1 679 1187 54 0 
244 1 1 658 855 82 1 
245 24 16 644 833 1 0 
245 23 16 562 859 2 0 
245 2 2 910 132 3 0 
245 3 5 242 139 4 0 
245 4 6 1639 209 5 0 
245 3 3 1100 282 6 0 
245 3 3 694 309 7 0 
245 2 2 1103 361 8 0 
245 3 3 1311 451 9 0 
245 5 4 241 482 10 0 
245 4 2 817 603 11 0 
245 2 2 820 27 14 0 
245 2 2 721 253 15 0 
245 4 2 879 1060 18 0 
245 3 5 288 51 19 0 
245 1 1 679 1187 54 0 
245 1 1 656 861 82 1 
246 24 17 644 832 1 0 
246 22 16 561 859 2 0 
246 2 2 910 132 3 0 
246 3 5 242 139 4 0 
246 4 6 1639 209 5 0 
246 2 2 1099 282 6 0 
246 3 3 694 309 7 0 
246 2 2 1102 361 8 0 
246 3 3 1311 451 9 0 
246 5 4 241 482 10 0 
246 4 2 817 603 11 0 
246 2 2 820 27 14 0 
246 2 2 721 253 15 0 
246 4 2 879 1060 18 0 
246 3 5 288 51 19 0 
246 1 1 679 1187 54 0 
246 1 1 655 855 82 0 
247 24 16 644 833 1 0 
247 24 16 563 859 2 0 
247 2 2 910 132 3 0 
247 3 5 242 139 4 0 
247 4 6 1639 209 5 0 
247 3 3 1100 282 6 0 
247 3 3 694 309 7 0 
247 2 2 1102 362 8 0 
247 3 3 1311 451 9 0 
247 5 4 241 482 10 0 
247 4 2 817 603 11 0 
247 2 2 820 27 14 0 
247 2 2 721 253 15 0 
247 4 2 879 1060 18 0 
247 3 5 288 51 19 0 
247 1 1 679 1187 54 0 
248 24 16 563 859 2 0 
248 2 2 910 132 3 0 
248 3 5 242 139 4 0 
248 5 6 1640 209 5 0 
248 3 3 1100 282 6 0 
248 4 3 695 309 7 0 
248 2 2 1102 362 8 0 
248 3 3 1311 451 9 0 
248 5 4 241 482 10 0 
248 4 2 817 603 11 0 
248 2 2 820 27 14 0 
248 2 2 721 253 15 0 
248 5 2 879 1060 18 0 
248 3 5 288 51 19 0 
248 1 1 679 1187 54 0 
248 23 16 644 832 1 1 
249 24 16 644 833 1 0 
249 21 16 563 859 2 0 
249 2 2 910 132 3 0 
249 3 5 242 139 4 0 
249 4 6 1639 209 5 0 
249 3 3 1100 282 6 0 
249 3 3 694 309 7 0 
249 2 2 1102 362 8 0 
249 3 3 1311 451 9 0 
249 5 4 241 482 10 0 
249 4 2 817 603 11 0 
249 2 2 820 27 14 0 
249 2 2 721 253 15 0 
249 4 2 879 1060 18 0 
249 3 5 288 51 19 0 
249 1 1 679 1187 54 0 
249 2 3 1200 586 87 0 
250 24 15 645 833 1 0 
250 24 19 566 863 2 0 
250 2 2 910 132 3 0 
250 3 5 242 139 4 0 
250 4 6 1639 209 5 0 
250 2 2 1099 281 6 0 
250 3 3 694 309 7 0 
250 2 2 1103 362 8 0 
250 3 3 1311 451 9 0 
250 5 4 241 482 10 0 
250 4 2 817 603 11 0 
250 2 3 820 28 14 0 
250 2 2 721 253 15 0 
250 1 1 883 1061 18 0 
250 3 5 288 51 19 0 
250 2 3 1205 592 87 0 
251 22 15 643 833 1 0 
251 25 16 564 860 2 0 
251 2 2 910 132 3 0 
251 3 5 242 139 4 0 
251 5 7 1640 209 5 0 
251 2 2 1099 281 6 0 
251 3 3 694 309 7 0 
251 2 2 1103 362 8 0 
251 3 3 1311 451 9 0 
251 5 4 241 482 10 0 
251 4 3 817 603 11 0 
251 2 3 820 28 14 0 
251 2 2 721 253 15 0 
251 1 1 883 1061 18 0 
251 3 5 288 51 19 0 
251 2 3 1209 596 87 0 
251 1 1 675 840 88 0 
251 1 1 909 1101 89 0 
252 24 15 645 833 1 0 
252 24 18 566 862 2 0 
252 2 2 910 132 3 0 
252 3 5 242 139 4 0 
252 5 6 1640 209 5 0 
252 2 2 1099 281 6 0 
252 3 3 694 309 7 0 
252 2 2 1103 362 8 0 
252 3 3 1311 451 9 0 
252 5 4 241 482 10 0 
252 4 2 817 603 11 0 
252 2 2 820 27 14 0 
252 2 2 721 253 15 0 
252 1 1 883 1061 18 0 
252 3 5 288 51 19 0 
252 1 1 1213 601 87 0 
252 2 2 669 835 88 0 
252 2 2 902 1102 89 0 
253 22 15 643 833 1 0 
253 25 18 564 862 2 0 
253 2 2 910 132 3 0 
253 3 5 242 139 4 0 
253 5 6 1640 209 5 0 
253 2 2 1099 281 6 0 
253 3 3 694 309 7 0 
253 2 2 1103 362 8 0 
253 3 3 1311 451 9 0 
253 5 4 241 482 10 0 
253 4 2 817 603 11 0 
253 2 3 820 28 14 0 
253 2 2 721 253 15 0 
253 1 1 883 1061 18 0 
253 3 5 288 51 19 0 
253 3 3 665 830 88 0 
253 1 1 893 1103 89 0 
253 2 3 663 824 90 0 
254 24 15 645 833 1 0 
254 24 19 566 863 2 0 
254 2 2 910 132 3 0 
254 4 5 243 139 4 0 
254 4 6 1639 209 5 0 
254 2 2 1099 281 6 0 
254 3 3 694 309 7 0 
254 2 2 1103 362 8 0 
254 3 3 1311 451 9 0 
254 5 4 241 482 10 0 
254 4 2 817 603 11 0 
254 2 3 820 28 14 0 
254 2 2 721 253 15 0 
254 1 1 883 1061 18 0 
254 3 6 288 52 19 0 
254 0 1 668 824 90 0 
254 3 3 661 825 88 1 
255 24 16 645 833 1 0 
255 23 19 566 863 2 0 
255 2 2 910 132 3 0 
255 3 5 242 139 4 0 
255 5 6 1640 209 5 0 
255 2 2 1099 281 6 0 
255 3 3 694 309 7 0 
255 2 2 1103 362 8 0 
255 4 3 1312 452 9 0 
255 6 4 242 482 10 0 
255 4 3 817 604 11 0 
255 2 3 820 28 14 0 
255 2 2 720 253 15 0 
255 3 5 288 51 19 0 
255 3 2 661 824 88 0 
255 3 3 665 830 90 0 
